halo: 1200 v_min bins, v_max = 844.0 km/s (annual average, Baxter 2021)
loaded cached basis spectra
normalisation check m=1000 E=20 keV sigma=1e-45: WimPyDD 5.2950e-01  Helm(lzcommon) 5.4360e-01  ratio 0.974
normalisation check m=1000 E=50 keV sigma=1e-45: WimPyDD 7.3300e-02  Helm(lzcommon) 7.3441e-02  ratio 0.998
bilinearity check (c0,c1)=(0.3,1.7): max |pred/direct - 1| over 5-265 keV = 3.21e-13
<N> = 77.39, r_xeno = -Z/<N> = -0.6978

[2] key r values (elastic):
                     label      r  m_chi_GeV      R_lo  R_55_125  R_125_200      R_hi  N_lo  N_55_200   rho_lo  rho_hi  rho_248    rho_q0  node1_keV  node2_keV  conv_q0  conv_window_200_270  conv_248  conv_lo_5_55
0         isoscalar (r=+1)      1        400 4.606e+18 1.289e+17  1.313e+16 1.196e+15  3851     118.8        1       1        1         1        102      266.9      NaN                  NaN       NaN           NaN
1         isoscalar (r=+1)      1       1000 1.894e+18  5.67e+16  6.771e+15 6.881e+14  2753     92.24        1       1        1         1        102      266.8      NaN                  NaN       NaN           NaN
2         isoscalar (r=+1)      1       4000 4.794e+17 1.477e+16  1.889e+15  2.01e+14  2385     82.91        1       1        1         1        102      266.8      NaN                  NaN       NaN           NaN
3        proton-only (r=0)      0        400 8.396e+17 3.099e+16  2.572e+15 4.786e+14  1754     70.13   0.1823  0.4002    0.929    0.1689      108.1        292      NaN                  NaN       NaN           NaN
4        proton-only (r=0)      0       1000 3.456e+17 1.364e+16  1.337e+15 2.777e+14  1245     53.94   0.1824  0.4035   0.9292    0.1689      108.1        292      NaN                  NaN       NaN           NaN
5        proton-only (r=0)      0       4000 8.748e+16 3.555e+15  3.741e+14 8.139e+13  1075     48.28   0.1825   0.405   0.9289    0.1689      108.1      291.9      NaN                  NaN       NaN           NaN
6      xenophobic (r=-0.7)   -0.7        400 4.902e+15 3.014e+15  1.234e+14 2.044e+14 23.98     15.35 0.001064  0.1709   0.9566 1.701e-06      143.7        NaN      NaN                  NaN       NaN           NaN
7      xenophobic (r=-0.7)   -0.7       1000 2.057e+15 1.348e+15  6.598e+13 1.212e+14 16.98     11.67 0.001086  0.1761   0.9571 1.701e-06      143.7        NaN      NaN                  NaN       NaN           NaN
8      xenophobic (r=-0.7)   -0.7       4000 5.252e+14 3.536e+14  1.869e+13 3.584e+13 14.65     10.39 0.001096  0.1783   0.9563 1.701e-06      143.7        NaN      NaN                  NaN       NaN           NaN
9         isovector (r=-1)     -1        400 1.014e+17 1.253e+15  3.203e+14 1.443e+14 702.7      10.9  0.02202  0.1207   0.9879   0.03169      68.67      181.6      NaN                  NaN       NaN           NaN
10        isovector (r=-1)     -1       1000 4.153e+16 5.792e+14    1.6e+14 8.706e+13 477.1     8.491  0.02193  0.1265   0.9885   0.03169      68.66      181.6      NaN                  NaN       NaN           NaN
11        isovector (r=-1)     -1       4000 1.049e+16 1.542e+14  4.401e+13 2.594e+13 404.4     7.641  0.02188  0.1291   0.9876   0.03169      68.65      181.6      NaN                  NaN       NaN           NaN
12    neutron-only (c_p=0)    inf        400 1.514e+18  3.41e+16  4.154e+15 1.916e+14  7905     199.7   0.3287  0.1602  0.06493    0.3469      97.19      247.5    2.882                6.243      15.4         3.042
13    neutron-only (c_p=0)    inf       1000 6.223e+17   1.5e+16  2.129e+15 1.099e+14  5661     155.8   0.3285  0.1597  0.06501    0.3469      97.18      247.4    2.882                 6.26     15.38         3.044
14    neutron-only (c_p=0)    inf       4000 1.574e+17 3.909e+15  5.922e+14 3.207e+13  4909     140.3   0.3284  0.1596  0.06495    0.3469      97.17      247.4    2.882                6.267      15.4         3.045
15  Higgsino (c1/c0=-1.17) -12.76        400 1.581e+18 3.448e+16  4.318e+15 1.805e+14  8760       215   0.2915  0.1282  0.07015      0.31      96.47      244.8    3.225                7.801     14.25          3.43
16  Higgsino (c1/c0=-1.17) -12.76       1000 6.496e+17 1.517e+16  2.211e+15 1.037e+14  6265     167.6   0.2913   0.128  0.07026      0.31      96.46      244.7    3.225                7.812     14.23         3.432
17  Higgsino (c1/c0=-1.17) -12.76       4000 1.644e+17 3.953e+15  6.147e+14 3.027e+13  5429     150.9   0.2912  0.1279  0.07016      0.31      96.45      244.7    3.225                7.816     14.25         3.433

[2b] minimum N_lo:
  m=400: r_min=-0.7429  N_lo,min=10.35   iso 3851  vec 703  p-only 1754  xeno(-0.7) 24.0;  N_lo<=3 for r in [none], <=5 [none], <=10 [none]
  m=1000: r_min=-0.7435  N_lo,min=7.28   iso 2753  vec 477  p-only 1245  xeno(-0.7) 17.0;  N_lo<=3 for r in [none], <=5 [none], <=10 [-0.76..-0.74]
  m=4000: r_min=-0.7437  N_lo,min=6.27   iso 2385  vec 404  p-only 1075  xeno(-0.7) 14.7;  N_lo<=3 for r in [none], <=5 [none], <=10 [-0.76..-0.72]

[3] active isotopes: [(128, 0.0191), (129, 0.26401), (130, 0.04071), (131, 0.21232), (132, 0.26909), (134, 0.10436), (136, 0.08857)]
  128Xe: max |F_p F_n - W_pn| / max|W_pn| (E<350 keV) = 3.4e-05
  129Xe: max |F_p F_n - W_pn| / max|W_pn| (E<350 keV) = 1.5e-05
  130Xe: max |F_p F_n - W_pn| / max|W_pn| (E<350 keV) = 1.8e-05
  132Xe: max |F_p F_n - W_pn| / max|W_pn| (E<350 keV) = 2.5e-05
  134Xe: max |F_p F_n - W_pn| / max|W_pn| (E<350 keV) = 3.8e-05
  136Xe: max |F_p F_n - W_pn| / max|W_pn| (E<350 keV) = 2.4e-05
     A   N      ab  Z_minus_N  dyad_ratio_100keV     node_Fp_keV     node_Fn_keV                                                         node_iso_keV                                                           node_p_keV                                                                                         node_vec_keV                                                        node_xeno_keV  F2_iso_248  F2_vec_248  F2_p_248  F2_xeno_248  fn_over_fp_20keV  fn_over_fp_100keV  fn_over_fp_248keV
0  128  74  0.0191        -20              1.002  [114.5, 302.2]  [104.6, 258.8]  [(109.1, -2.5335165708313926e-06), (277.6, -1.266772902596585e-06)]  [(114.4, -5.440728389315776e-06), (301.3, -4.1965220372514694e-06)]                                    [(74.8, -2.74158142359598e-06), (190.1, -1.0090518237541845e-05)]   [(146.5, -0.0010438237923454923), (379.9, -0.0006898424038043835)]   5.645e-05     1.7e-05  3.37e-05    2.141e-05             0.953             0.2953             0.2136
1  129  75   0.264        -21             0.9944  [110.7, 299.4]  [101.1, 257.2]    [(105.4, 4.2704313132438823e-07), (276.0, 6.788827098234029e-08)]    [(110.7, 9.914078415635345e-07), (299.4, 1.1315152798325886e-06)]                                      [(72.3, 6.976954355111234e-06), (185.3, 2.965267146915728e-06)]     [(142.2, 0.0007497293214264161), (371.2, 0.0002487822992893252)]   5.979e-05   2.244e-05 3.905e-05    2.702e-05            0.9482            0.08839             0.1722
2  130  76 0.04071        -22             0.9966  [111.1, 294.0]  [100.5, 252.2]   [(105.2, 4.3186474247060383e-07), (270.3, 2.2101416850315335e-06)]   [(111.1, 1.6968622881070564e-07), (295.3, 1.8291307106794515e-06)]                                   [(71.4, -4.486750591146943e-06), (185.9, -3.3485352904318467e-06)]  [(145.9, -0.0019277936629182844), (373.2, -0.00031915985167522493)]   3.711e-05   2.319e-05 2.908e-05    2.474e-05            0.9461             0.0388            0.08504
3  131  77  0.2123        -23             0.4398  [107.8, 293.3]   [97.2, 249.0]    [(101.9, 1.4314066293071703e-05), (268.4, 2.815223427710386e-07)]   [(107.8, 1.3377371819158398e-05), (293.3, -2.903312936364305e-06)]                                   [(69.2, 1.0463902799330547e-05), (181.8, -1.5342956102118353e-06)]      [(142.2, -0.01767161767356122), (367.6, -0.025189337420793607)]   3.359e-05   2.932e-05 3.079e-05    2.962e-05            0.9413            -0.2521            0.02435
4  132  78  0.2691        -24             0.9495  [108.2, 289.5]   [96.6, 244.2]    [(101.7, 7.241998350784789e-07), (263.3, 1.5691546281322697e-07)]    [(108.3, 1.938054344064973e-06), (289.6, 2.9523236760311532e-08)]                                     [(68.3, 1.4334046560184004e-06), (182.9, 4.466512688631912e-06)]       [(146.0, 0.03717842463320906), (368.8, -0.012176512104065722)]   1.735e-05   2.945e-05 2.292e-05    2.738e-05            0.9392            -0.3689           -0.09138
5  134  80  0.1044        -26              1.055  [103.7, 283.8]   [91.5, 239.4]     [(96.7, -2.390054610217221e-06), (258.4, 3.904427566286221e-07)]   [(103.7, -2.8808866375029385e-06), (284.0, 1.896927354237305e-06)]     [(64.8, 3.269562571850479e-06), (179.5, 5.548355265190948e-06), (392.8, -5.435456731043502e-06)]   [(143.6, 0.0012564258473898586), (358.3, -0.00017737182668304573)]   9.555e-06   3.686e-05 2.101e-05    3.161e-05            0.9307             -2.191            -0.2193
6  136  82 0.08857        -28              1.006  [101.7, 279.0]   [89.6, 231.0]     [(94.8, -4.93077648856566e-07), (251.1, -1.080510639352324e-06)]  [(101.7, -1.220831656675463e-06), (278.6, -2.1360940939271926e-06)]  [(64.2, -4.932511810805547e-06), (173.2, -1.0767895386324286e-05), (383.7, -2.516278118473785e-06)]   [(140.5, -0.0006728654340630645), (352.4, -0.0002655952911938707)]  -3.081e-07   4.478e-05 1.406e-05    3.377e-05            0.9262             -5.817            -0.5278
  q->0 xenophobic suppression: mean-N estimate 2.92e-33, isotope-resolved 1.28e-04

[3b] isotope shares at 248 keV (elastic, 1 TeV):
label  isoscalar (r=+1)  isovector (r=-1)  proton-only (r=0)  xenophobic (r=-0.7)
A                                                                                
128               0.033             0.010              0.021                0.013
129               0.490             0.186              0.344                0.231
130               0.048             0.031              0.041                0.034
131               0.235             0.208              0.232                0.217
132               0.159             0.273              0.226                0.262
134               0.036             0.140              0.085                0.124
136              -0.001             0.153              0.051                0.119
  shares at 20 keV:
label  isoscalar (r=+1)  isovector (r=-1)  proton-only (r=0)  xenophobic (r=-0.7)
A                                                                                
128               0.019             0.015              0.019                0.040
129               0.259             0.220              0.266                0.456
130               0.040             0.037              0.041                0.053
131               0.212             0.205              0.213                0.218
132               0.271             0.282              0.269                0.192
134               0.107             0.122              0.104                0.035
136               0.092             0.119              0.088                0.006

[4] P016 few-bin likelihood: b_H = 5.6951e-04, 20 low-energy bins (sum b = 121.1, n = 121), b_M = 0.02
    m_chi_GeV    r     N_lo  N_L2   N_M     Z    s_hat  lo_events_hat  Z_LZ_O1v  Z_LZ_L1v  Z_LZ_L5v
3         400   -1      703  8.68  2.22  1.44  0.00302           2.12       0.8       0.3       0.7
2         400 -0.7       24  14.7 0.604  2.72   0.0594           1.42       NaN       NaN       NaN
1         400    0 1.75e+03  64.8  5.37 0.822 0.000865           1.52       NaN       NaN       NaN
0         400    1 3.85e+03   108    11  0.19 0.000117          0.452         0         0         0
48      1e+03   -1      477  6.65  1.84  1.65  0.00467           2.23       1.3       1.3       1.3
47      1e+03 -0.7       17  11.1 0.545  2.82   0.0797           1.35       NaN       NaN       NaN
46      1e+03    0 1.24e+03  49.1  4.81  1.06  0.00142           1.77       NaN       NaN       NaN
45      1e+03    1 2.75e+03  82.4  9.84 0.476 0.000367           1.01         0         0         0
93      4e+03   -1      404  5.94   1.7  1.74  0.00559           2.26       1.1       1.2       1.3
92      4e+03 -0.7     14.7  9.87 0.521  2.87     0.09           1.32       NaN       NaN       NaN
91      4e+03    0 1.07e+03  43.7   4.6  1.16  0.00173           1.86       NaN       NaN       NaN
90      4e+03    1 2.39e+03  73.5   9.4  0.59 0.000502            1.2         0         0         0

[4b] N_lo implied by LZ isovector significances vs WimPyDD isovector N_lo:
   m_chi_GeV         table  Z_LZ  N_lo_implied  N_lo_WimPyDD
0        400  O1v Table S7   0.8      1.85e+03           703
1        400  L1v Table S6   0.3      3.45e+03           703
2        400  L5v Table S6   0.7      2.11e+03           703
3      1e+03  O1v Table S7   1.3           878           477
4      1e+03  L1v Table S6   1.3           878           477
5      1e+03  L5v Table S6   1.3           878           477
6      4e+03  O1v Table S7   1.1       1.2e+03           404
7      4e+03  L1v Table S6   1.2      1.03e+03           404
8      4e+03  L5v Table S6   1.3           876           404
  isovector 1 TeV Z vs b_H: {'b_H x0.5': 2.0, 'b_H x1.0': 1.65, 'b_H x2.0': 1.247}

[5] inelastic delta = 300 keV:
    m_chi_GeV       r  percentile_248_inROI  percentile_248_true  node2_keV  peak_keV  f248_over_fpeak  R_ROI_per_cp2  dRdE_248  E_onset_keV
0         400       1                0.9952               0.9834      264.5       175            0.037      3.995e+12 2.413e+09          114
1         400       0                0.9771               0.9729      289.8       183            0.156      1.102e+12 2.512e+09          114
2         400 -0.6978                0.8134               0.7164        NaN       222           0.8158      2.545e+11 2.851e+09          114
3         400    -0.7                0.8122               0.7145        NaN       222           0.8189      2.533e+11 2.852e+09          114
4         400      -1                0.6686               0.5001      180.2       252            0.997      1.861e+11 3.067e+09          114
5         400  -12.76                  0.98               0.9239      242.8       170          0.01763      1.379e+14 4.379e+10          114
6         400     inf                0.9847               0.9366        245       170           0.0129      9.886e+11 2.277e+08          114
7        1000       1                0.9952               0.9823      265.6       168          0.04155      1.625e+13 9.754e+09           92
8        1000       0                0.9755               0.9705      291.1       179           0.1753      4.162e+12 9.537e+09           92
9        1000 -0.6978                0.7933               0.6741        NaN       231           0.9035      8.833e+11 1.028e+10           92
10       1000    -0.7                 0.792               0.6721        NaN       231           0.9057      8.797e+11 1.028e+10           92
11       1000      -1                0.6997               0.5134      180.9       252            0.988      7.797e+11 1.083e+10           92
12       1000  -12.76                0.9837               0.9274      243.4       160          0.01439      6.151e+14  1.39e+11           92
13       1000     inf                0.9874               0.9386        246       160          0.01111      4.355e+12 7.526e+08           92
14       4000       1                0.9951               0.9818      265.8       166          0.04291      8.285e+12 5.006e+09           84
15       4000       0                0.9749               0.9697      291.2       177           0.1802      2.099e+12 4.848e+09           84
16       4000 -0.6978                0.7908               0.6679        NaN       229           0.9137      4.486e+11 5.183e+09           84
17       4000    -0.7                0.7896               0.6659        NaN       229           0.9162      4.469e+11 5.185e+09           84
18       4000      -1                  0.71               0.5218        181       253           0.9752      4.144e+11 5.442e+09           84
19       4000  -12.76                 0.984               0.9266      243.4       161          0.01417      3.187e+14 6.888e+10           84
20       4000     inf                0.9876               0.9378      246.3       161          0.01102      2.251e+12 3.759e+08           84

[6] sigma_p for one 200-270 keV event in 2.84 t yr:
    m_chi_GeV                label    r  sigma_p_1event_cm2  N_lo_events
0         400     isoscalar (r=+1)    1             3.2e-44     3.85e+03
1         400    proton-only (r=0)    0            7.99e-44     1.75e+03
2         400  xenophobic (r=-0.7) -0.7            1.87e-43           24
3         400     isovector (r=-1)   -1            2.65e-43          703
4       1e+03     isoscalar (r=+1)    1            5.57e-44     2.75e+03
5       1e+03    proton-only (r=0)    0            1.38e-43     1.24e+03
6       1e+03  xenophobic (r=-0.7) -0.7            3.17e-43           17
7       1e+03     isovector (r=-1)   -1            4.41e-43          477
8       4e+03     isoscalar (r=+1)    1            1.91e-43     2.39e+03
9       4e+03    proton-only (r=0)    0            4.72e-43     1.07e+03
10      4e+03  xenophobic (r=-0.7) -0.7            1.07e-42         14.7
11      4e+03     isovector (r=-1)   -1            1.48e-42          404
  q->0 suppression (Z + rN)^2/A^2 for other targets at r = -0.7 and r_min(1 TeV):
    target   Z    N  supp_r_m0p7  supp_r_min
0        F   9   10       0.0111     0.00679
1       Ar  18   22      0.00423     0.00169
2       Ge  32   41      0.00204    0.000432
3        I  53   74     8.93e-05    0.000252
4        W  74  110     0.000266     0.00179
5  Xe(<N>)  54 77.4      1.7e-06    0.000724

written: ['P032_r_scan.csv', 'run_log.txt', 'P032_local_Z.csv', 'P032_implied_Nlo.csv', 'P032_isotope_nodes.csv', 'P032_basis_spectra.npz', 'P032_summary.json', 'P032_other_targets_q0.csv', 'figures', 'P032_sigma_p_one_event.csv', 'P032_node_vs_r_response.csv', 'P032_inelastic_delta300.csv', 'P032_isotope_shares.csv']
