  m=1000_annual12 delta=300: integral 5802 /t/yr  (35s)
  m=1000_annual12 delta=320: integral 1991 /t/yr  (77s)
  m=1000_annual12 delta=340: integral 484.5 /t/yr  (125s)
  m=1000_annual12 delta=350: integral 206.4 /t/yr  (192s)
  m=1000_annual12 delta=360: integral 80.08 /t/yr  (247s)
  m=1000_annual12 delta=370: integral 28.44 /t/yr  (293s)
  m=1000_annual12 delta=375: integral 16.16 /t/yr  (334s)
  m=1000_annual12 delta=380: integral 8.676 /t/yr  (367s)
  m=1000_annual12 delta=385: integral 4.246 /t/yr  (398s)
validation vs P021 S_tot_unit (1000 GeV):
 delta_keV  N_unit_LZ_sun_this  N_unit_LZ_P021_sun  ratio_sun  N_unit_LZ_annual12_this  N_unit_LZ_P021_annual  ratio_annual  annual_over_sun_this
     100.0        1.038360e+08        1.035993e+08   1.002285                      NaN           1.049535e+08           NaN                   NaN
     110.0        6.897635e+07        6.880778e+07   1.002450                      NaN           6.984533e+07           NaN                   NaN
     120.0        4.522887e+07        4.510241e+07   1.002804                      NaN           4.587918e+07           NaN                   NaN
     130.0        2.928309e+07        2.919206e+07   1.003118                      NaN           2.976023e+07           NaN                   NaN
     140.0        1.871987e+07        1.865546e+07   1.003453                      NaN           1.906267e+07           NaN                   NaN
     150.0        1.181176e+07        1.177507e+07   1.003116                      NaN           1.206322e+07           NaN                   NaN
     160.0        7.363529e+06        7.333026e+06   1.004160                      NaN           7.533742e+06           NaN                   NaN
     170.0        4.534576e+06        4.517194e+06   1.003848                      NaN           4.654879e+06           NaN                   NaN
     180.0        2.765169e+06        2.754788e+06   1.003769                      NaN           2.847922e+06           NaN                   NaN
     190.0        1.672979e+06        1.665102e+06   1.004731                      NaN           1.727203e+06           NaN                   NaN
     200.0        1.007594e+06        1.003555e+06   1.004025                      NaN           1.044585e+06           NaN                   NaN
     210.0        6.100301e+05        6.069330e+05   1.005103                      NaN           6.337867e+05           NaN                   NaN
     220.0        3.734112e+05        3.715165e+05   1.005100                      NaN           3.889536e+05           NaN                   NaN
     230.0        2.335499e+05        2.323772e+05   1.005047                      NaN           2.436942e+05           NaN                   NaN
     240.0        1.503785e+05        1.496543e+05   1.004839                      NaN           1.570397e+05           NaN                   NaN
     250.0        9.970980e+04        9.921171e+04   1.005021                      NaN           1.041098e+05           NaN                   NaN
     260.0        6.757184e+04        6.722132e+04   1.005214                      NaN           7.056268e+04           NaN                   NaN
     270.0        4.610235e+04        4.584652e+04   1.005580                      NaN           4.820746e+04           NaN                   NaN
     280.0        3.107070e+04        3.091270e+04   1.005111                      NaN           3.264559e+04           NaN                   NaN
     290.0        2.029980e+04        2.017640e+04   1.006116                      NaN           2.148472e+04           NaN                   NaN
     300.0        1.255565e+04        1.247200e+04   1.006707             13556.515560           1.346927e+04      1.006477              1.079714
     305.0        9.619170e+03        9.531784e+03   1.009168                      NaN           1.039897e+04           NaN                   NaN
     310.0        7.201965e+03        7.139103e+03   1.008805                      NaN           7.889040e+03           NaN                   NaN
     315.0        5.250760e+03        5.198260e+03   1.010099                      NaN           5.839756e+03           NaN                   NaN
     320.0        3.711417e+03        3.670698e+03   1.011093              4255.685670           4.212021e+03      1.010367              1.146647
     325.0        2.528809e+03        2.500429e+03   1.011350                      NaN           2.949322e+03           NaN                   NaN
     330.0        1.652513e+03        1.629564e+03   1.014083                      NaN           1.993300e+03           NaN                   NaN
     335.0        1.023831e+03        1.007676e+03   1.016032                      NaN           1.294209e+03           NaN                   NaN
     340.0        5.947540e+02        5.835939e+02   1.019123               814.280600           8.010388e+02      1.016531              1.369105
     345.0        3.186478e+02        3.116705e+02   1.022387                      NaN           4.697418e+02           NaN                   NaN
     350.0        1.546433e+02        1.503380e+02   1.028638               264.688458           2.587016e+02      1.023142              1.711606
     355.0        6.541680e+01        6.289963e+01   1.040019                      NaN           1.313451e+02           NaN                   NaN
     360.0        2.305087e+01        2.207650e+01   1.044136                63.041165           6.094959e+01      1.034316              2.734871
     365.0        6.505729e+00        6.039511e+00   1.077195                      NaN           2.487541e+01           NaN                   NaN
     370.0        1.427383e+00        1.269596e+00   1.124281                 9.441323           8.631537e+00      1.093817              6.614430
     375.0        2.894016e-01        2.356616e-01   1.228039                 2.818882           2.421937e+00      1.163896              9.740380
     380.0        6.761394e-02        4.940037e-02   1.368693                 0.700821           4.557702e-01      1.537663             10.365037
     385.0        1.292326e-02        8.562729e-03   1.509245                 0.157108           7.988511e-02      1.966679             12.157023
     390.0        2.859916e-04        8.691452e-05   3.290492                      NaN           2.320049e-02           NaN                   NaN
     395.0        8.757304e-15        0.000000e+00        inf                      NaN           1.620865e-06           NaN                   NaN
count limits:
       experiment  exposure_tyr    bkg_model        b  n_obs  poisson_UL90  FC90_lo  FC90_hi
          XENONnT          3.10  nrband_2sig 0.000218      0      2.302367     0.00     2.43
          XENONnT          3.10  nrband_2sig 0.000218      1      3.889502     0.11     4.35
          XENONnT          3.10 band_200_270 0.000622      0      2.301963     0.00     2.43
          XENONnT          3.10 band_200_270 0.000622      1      3.889098     0.11     4.35
          XENONnT          3.10   round_1e-3 0.001092      0      2.301494     0.00     2.43
          XENONnT          3.10   round_1e-3 0.001092      1      3.888629     0.11     4.35
          XENONnT          3.10  whole_panel 0.011570      0      2.291015     0.00     2.42
          XENONnT          3.10  whole_panel 0.011570      1      3.878150     0.10     4.34
        PandaX-4T          1.54  nrband_2sig 0.000108      0      2.302477     0.00     2.43
        PandaX-4T          1.54  nrband_2sig 0.000108      1      3.889612     0.11     4.35
        PandaX-4T          1.54 band_200_270 0.000309      0      2.302276     0.00     2.43
        PandaX-4T          1.54 band_200_270 0.000309      1      3.889411     0.11     4.35
        PandaX-4T          1.54   round_1e-3 0.000542      0      2.302043     0.00     2.43
        PandaX-4T          1.54   round_1e-3 0.000542      1      3.889178     0.11     4.35
        PandaX-4T          1.54  whole_panel 0.005748      0      2.296837     0.00     2.43
        PandaX-4T          1.54  whole_panel 0.005748      1      3.883972     0.10     4.35
XENONnT+PandaX-4T          4.64  nrband_2sig 0.000327      0      2.302258     0.00     2.43
XENONnT+PandaX-4T          4.64  nrband_2sig 0.000327      1      3.889393     0.11     4.35
XENONnT+PandaX-4T          4.64 band_200_270 0.000931      0      2.301654     0.00     2.43
XENONnT+PandaX-4T          4.64 band_200_270 0.000931      1      3.888789     0.11     4.35
XENONnT+PandaX-4T          4.64   round_1e-3 0.001634      0      2.300951     0.00     2.43
XENONnT+PandaX-4T          4.64   round_1e-3 0.001634      1      3.888086     0.11     4.35
XENONnT+PandaX-4T          4.64  whole_panel 0.017318      0      2.285267     0.00     2.41
XENONnT+PandaX-4T          4.64  whole_panel 0.017318      1      3.872402     0.09     4.34
comparison with LZ (1000 GeV, LZ-like eff):
 delta_keV     Nunit_LZ  kappa_1event  kappa_hat_P021sun  kappa_hat_P021  N_XP_at_1event_LZlike  P0_XP_LZlike  lim_over_kappa1event_X_LZlike  lim_over_kappa1event_XP_LZlike  LZ90hi_over_kappahat_sun  frac_LZ90_excluded_X_LZlike_sun  frac_LZ90_excluded_XP_LZlike_sun  frac_LZ90_excluded_XP_LZlike_ann  frac_LZ90_excluded_XP_hiedge_sun  lim_over_LZupper_XP_LZlike  Nunit_LZ_annual12  sigma90_n0_XP_sun_cm2  sigma90_n0_XP_annual12_cm2
     100.0 1.038360e+08  9.630567e-09       1.187526e-08    1.172203e-08               1.633803      0.195186                       2.109465                        1.409341                       NaN                              NaN                               NaN                               NaN                               NaN                    0.175155                NaN           4.023506e-46                         NaN
     110.0 6.897635e+07  1.449772e-08       2.199695e-08    2.167019e-08               1.633803      0.195186                       2.109465                        1.409341                       NaN                              NaN                               NaN                               NaN                               NaN                    0.167311                NaN           6.056931e-46                         NaN
     120.0 4.522887e+07  2.210977e-08       3.853011e-08    3.787777e-08               1.633803      0.195186                       2.109465                        1.409341                       NaN                              NaN                               NaN                               NaN                               NaN                    0.161907                NaN           9.237131e-46                         NaN
     130.0 2.928309e+07  3.414940e-08       6.378744e-08    6.256965e-08               1.633803      0.195186                       2.109465                        1.409341                       NaN                              NaN                               NaN                               NaN                               NaN                    0.158679                NaN           1.426711e-45                         NaN
     140.0 1.871987e+07  5.341918e-08       1.069533e-07    1.022860e-07               1.633803      0.195186                       2.109465                        1.409341                       NaN                              NaN                               NaN                               NaN                               NaN                    0.157503                NaN           2.231773e-45                         NaN
     150.0 1.181176e+07  8.466141e-08       1.733950e-07    1.692531e-07               1.633803      0.195186                       2.109465                        1.409341                       NaN                              NaN                               NaN                               NaN                               NaN                    0.158392                NaN           3.537027e-45                         NaN
     160.0 7.363529e+06  1.358044e-07       2.784305e-07    2.710124e-07               1.633803      0.195186                       2.109465                        1.409341                  3.705051                         0.089885                          0.154245                          0.151047                          0.134903                    0.167232                NaN           5.673706e-45                         NaN
     170.0 4.534576e+06  2.205278e-07       4.417039e-07    4.286389e-07               1.633803      0.195186                       2.109465                        1.409341                  3.689931                         0.118681                          0.204282                          0.203599                          0.178596                    0.178741                NaN           9.213321e-45                         NaN
     180.0 2.765169e+06  3.616415e-07       7.078021e-07    6.846552e-07               1.633803      0.195186                       2.109465                        1.409341                  3.630523                         0.127245                          0.221766                          0.221686                          0.193466                    0.192928                NaN           1.510884e-44                         NaN
     190.0 1.672979e+06  5.977361e-07       1.092846e-06    1.078094e-06               1.633803      0.195186                       2.109465                        1.409341                  3.685666                         0.138036                          0.237804                          0.232550                          0.208026                    0.209885                NaN           2.497252e-44                         NaN
     200.0 1.007594e+06  9.924636e-07       1.692229e-06    1.663628e-06               1.633803      0.195186                       2.109465                        1.409341                  3.684132                         0.142436                          0.245461                          0.240559                          0.214843                    0.229373                NaN           4.146364e-44                         NaN
     210.0 6.100301e+05  1.639263e-06       2.611315e-06    2.500673e-06               1.633803      0.195186                       2.109465                        1.409341                  3.628723                         0.141406                          0.246542                          0.248064                          0.215478                    0.261748                NaN           6.848597e-44                         NaN
     220.0 3.734112e+05  2.678013e-06       3.802085e-06    3.716227e-06               1.633803      0.195186                       2.109465                        1.409341                  3.705004                         0.148781                          0.255314                          0.251256                          0.224073                    0.295429                NaN           1.118834e-43                         NaN
     230.0 2.335499e+05  4.281741e-06       5.543787e-06    5.286336e-06               1.633803      0.195186                       2.109465                        1.409341                  3.692404                         0.149216                          0.256711                          0.259048                          0.225473                    0.326336                NaN           1.788847e-43                         NaN
     240.0 1.503785e+05  6.649888e-06       7.850743e-06    7.655801e-06               1.633803      0.195186                       2.109465                        1.409341                  3.719402                         0.152144                          0.260341                          0.256473                          0.229215                    0.350159                NaN           2.778223e-43                         NaN
     250.0 9.970980e+04  1.002910e-05       1.105190e-05    1.077726e-05               1.633803      0.195186                       2.109465                        1.409341                  3.731408                         0.153778                          0.262519                          0.258305                          0.231565                    0.364854                NaN           4.190009e-43                         NaN
     260.0 6.757184e+04  1.479907e-05       1.594017e-05    1.518535e-05               1.633803      0.195186                       2.109465                        1.409341                  3.653533                         0.148699                          0.257885                          0.259365                          0.227131                    0.368040                NaN           6.182827e-43                         NaN
     270.0 4.610235e+04  2.169087e-05       2.283987e-05    2.172130e-05               1.633803      0.195186                       2.109465                        1.409341                  3.643887                         0.148521                          0.258105                          0.259033                          0.227572                    0.368759                NaN           9.062119e-43                         NaN
     280.0 3.107070e+04  3.218466e-05       3.310268e-05    3.134552e-05               1.633803      0.195186                       2.109465                        1.409341                  3.677826                         0.151561                          0.261523                          0.262028                          0.231260                    0.374041                NaN           1.344627e-42                         NaN
     290.0 2.029980e+04  4.926158e-05       5.071732e-05    4.762887e-05               1.633803      0.195186                       2.109465                        1.409341                  3.647339                         0.149825                          0.260180                          0.260456                          0.230284                    0.391366                NaN           2.058075e-42                         NaN
     300.0 1.255565e+04  7.964540e-05       8.017961e-05    7.424305e-05               1.633803      0.195186                       2.109465                        1.409341                  3.704825                         0.154714                          0.265505                          0.265777                          0.236172                    0.432553       13556.515560           3.327465e-42                3.081802e-42
     305.0 9.619170e+03  1.039591e-04       1.049122e-04    9.616337e-05               1.633803      0.195186                       2.109465                        1.409341                  3.689912                         0.153938                          0.264969                          0.265299                          0.236037                    0.361405                NaN           4.343254e-42                         NaN
     310.0 7.201965e+03  1.388510e-04       1.400736e-04    1.267581e-04               1.633803      0.195186                       2.109465                        1.409341                  3.675175                         0.153165                          0.264435                          0.264829                          0.236033                    0.308983                NaN           5.800986e-42                         NaN
     315.0 5.250760e+03  1.904486e-04       1.923721e-04    1.712400e-04               1.633803      0.195186                       2.109465                        1.409341                  3.662006                         0.152536                          0.264071                          0.264487                          0.236375                    0.271279                NaN           7.956657e-42                         NaN
     320.0 3.711417e+03  2.694388e-04       2.724278e-04    2.374157e-04               1.633803      0.195186                       2.109465                        1.409341                  3.651864                         0.152130                          0.263929                          0.264270                          0.237199                    0.245670        4255.685670           1.125675e-41                9.817102e-42
     325.0 2.528809e+03  3.954430e-04       3.999314e-04    3.390610e-04               1.633803      0.195186                       2.109465                        1.409341                  3.645741                         0.152019                          0.264080                          0.264234                          0.238716                    0.230797                NaN           1.652102e-41                         NaN
     330.0 1.652513e+03  6.051389e-04       6.136610e-04    5.016807e-04               1.633803      0.195186                       2.109465                        1.409341                  3.643164                         0.152196                          0.264532                          0.264442                          0.241098                    0.226076                NaN           2.528179e-41                         NaN
     335.0 1.023831e+03  9.767234e-04       9.923826e-04    7.726724e-04               1.633803      0.195186                       2.109465                        1.409341                  3.642749                         0.152513                          0.265106                          0.264810                          0.244516                    0.233574                NaN           4.080604e-41                         NaN
     340.0 5.947540e+02  1.681367e-03       1.713520e-03    1.248379e-03               1.633803      0.195186                       2.109465                        1.409341                  3.643231                         0.152884                          0.265723                          0.265287                          0.249514                    0.257376         814.280600           7.024501e-41                5.130725e-41
     345.0 3.186478e+02  3.138261e-03       3.208516e-03    2.128829e-03               1.633803      0.195186                       2.109465                        1.409341                  3.643909                         0.153237                          0.266299                          0.265796                          0.257175                    0.307502                NaN           1.311118e-40                         NaN
     350.0 1.546433e+02  6.466493e-03       6.651680e-03    3.865457e-03               1.633803      0.195186                       2.109465                        1.409341                  3.644548                         0.153552                          0.266809                          0.266274                          0.270054                    0.405585         264.688458           2.701604e-40                1.578403e-40
     355.0 6.541680e+01  1.528659e-02       1.589834e-02    7.613534e-03               1.633803      0.195186                       2.109465                        1.409341                  3.645096                         0.153818                          0.267242                          0.266706                          0.293106                         NaN                NaN           6.386509e-40                         NaN
     360.0 2.305087e+01  4.338230e-02       4.529704e-02    1.640700e-02               1.633803      0.195186                       2.109465                        1.409341                  3.645498                         0.154014                          0.267558                          0.267071                          0.338562                         NaN          63.041165           1.812448e-39                6.627177e-40
     365.0 6.505729e+00  1.537107e-01       1.655763e-01    4.020034e-02               1.633803      0.195186                       2.109465                        1.409341                  3.645753                         0.154137                          0.267758                          0.267393                          0.428619                         NaN                NaN           6.421802e-39                         NaN
     370.0 1.427383e+00  7.005830e-01       7.876521e-01    1.158542e-01               1.633803      0.195186                       2.109465                        1.409341                  3.645845                         0.154182                          0.267831                          0.267653                          0.589506                         NaN           9.441323           2.926931e-38                4.425068e-39
     375.0 2.894016e-01  3.455406e+00       4.243372e+00    4.128927e-01               1.633803      0.195186                       2.109465                        1.409341                  3.645746                         0.154133                          0.267752                          0.267844                          0.779863                         NaN           2.818882           1.443617e-37                1.482095e-38
     380.0 6.761394e-02  1.478985e+01       2.024276e+01    2.194088e+00               1.633803      0.195186                       2.109465                        1.409341                  3.645237                         0.153887                          0.267352                          0.268011                          0.894924                         NaN           0.700821           6.178977e-37                5.961365e-38
     385.0 1.292326e-02  7.737985e+01       1.167852e+02    1.251798e+01               1.633803      0.195186                       2.109465                        1.409341                  3.644310                         0.153435                          0.266621                          0.267787                          0.975132                         NaN           0.157108           3.232814e-36                2.659215e-37
     390.0 2.859916e-04  3.496607e+03       1.098772e+04    4.310254e+01               1.633803      0.195186                       2.109465                        1.409341                  3.782209                         0.148564                          0.251185                          0.266544                          1.000000                         NaN                NaN           1.460830e-34                         NaN
     395.0 8.757304e-15  1.141904e+14                NaN    0.000000e+00               1.633803      0.195186                       2.109465                        1.409341                       NaN                              NaN                               NaN                               NaN                               NaN                         NaN                NaN           4.770703e-24                         NaN
Z reduction if others null:
 delta_keV    eff  Z_LZ_P021  R_total_over_LZ  Z_combined_null  kappa_hat_combined
     300.0 LZlike   2.674022         2.633803         2.290755            0.000028
     300.0 hiedge   2.674022         2.367062         2.335714            0.000031
     350.0 LZlike   3.121329         2.633803         2.795546            0.001468
     350.0 hiedge   3.121329         2.664406         2.791441            0.001451
     370.0 LZlike   3.421861         2.633803         3.126615            0.043987
     370.0 hiedge   3.421861         8.248064         2.739430            0.014046
     380.0 LZlike   3.585578         2.633803         3.304762            0.833050
     380.0 hiedge   3.585578        24.510922         2.546780            0.089515
     385.0 LZlike   3.473472         2.633803         3.182929            4.752815
     385.0 hiedge   3.473472        32.886215         2.266107            0.380645
discovery counting:
{
 "nrband_2sig": {
  "b_LZ": 0.0002,
  "b_X": 0.0002183098591549296,
  "p_X_alone": 0.0002182860312915924,
  "Z_X_alone": 3.516928075676612,
  "p_comb_2events": 8.746717394814141e-08,
  "Z_comb_2events": 5.22417387071801
 },
 "band_200_270": {
  "b_LZ": 0.00057,
  "b_X": 0.0006221830985915493,
  "p_X_alone": 0.0006219895828236677,
  "Z_X_alone": 3.228599635410721,
  "p_comb_2events": 7.100857059016974e-07,
  "Z_comb_2events": 4.822152723621126
 },
 "round_1e-3": {
  "b_LZ": 0.001,
  "b_X": 0.001091549295774648,
  "p_X_alone": 0.0010909537725427576,
  "Z_X_alone": 3.0642852574144372,
  "p_comb_2events": 2.1842417369244416e-06,
  "Z_comb_2events": 4.593033765163742
 },
 "whole_panel": {
  "b_LZ": 0.0106,
  "b_X": 0.011570422535211268,
  "p_X_alone": 0.01150374261577769,
  "Z_X_alone": 2.2733103339685146,
  "p_comb_2events": 0.00024216138144339538,
  "Z_comb_2events": 3.489280430752651
 }
}
joint LZ only: best delta 375.0, kappa 6.03, Z 3.58, delta68 [355.0, 385.0], delta90 [325.0, 385.0], kappa68 [0.007762471166286928, 851.1380382023759]
   Zprof at 300/350/380: {300.0: 2.68, 350.0: 3.21, 380.0: 3.57}
joint LZ+X(200): best delta 360.0, kappa 0.0427, Z 4.92, delta68 [340.0, 370.0], delta90 [315.0, 375.0], kappa68 [0.001, 1.698243652461746]
   Zprof at 300/350/380: {300.0: 4.36, 350.0: 4.84, 380.0: 3.61}
joint LZ+X(230): best delta 375.0, kappa 5.75, Z 5.11, delta68 [360.0, 375.0], delta90 [350.0, 380.0], kappa68 [0.02187761623949552, 14.125375446227554]
   Zprof at 300/350/380: {300.0: 4.08, 350.0: 4.74, 380.0: 4.79}
joint LZ+X(260): best delta 380.0, kappa 41.7, Z 5.25, delta68 [375.0, 385.0], delta90 [370.0, 385.0], kappa68 [2.95120922666639, 660.6934480075964]
   Zprof at 300/350/380: {300.0: 3.47, 350.0: 4.29, 380.0: 5.25}
XENON1T 2018 vs LZ:
 delta_keV  sigma_X1T_cm2  LZ_upper_cm2  LZ_lower_cm2  X1T_over_LZ_upper  X1T_over_LZ_lower  N_LZ_events_at_X1T_limit
     100.0   2.558545e-44  2.365000e-45  4.524000e-47          10.818371       5.655492e+02                 89.619881
     150.0   5.990352e-43  2.299000e-44  1.489000e-45          26.056336       4.023070e+02                238.687687
     200.0   7.169386e-41  1.862000e-43  1.378000e-44         385.036818       5.202747e+03               2436.859925
     220.0   4.321066e-39  3.901052e-43  2.894933e-44       11076.669555       1.492631e+05              54430.386426
     230.8   6.872000e-38  5.816086e-43  4.322437e-44      118155.067410       1.589844e+06             525985.182881
XENON1T recast check:
 delta_keV  Nunit_X1T_recast  sigma90_recast_cm2  sigma_X1T_digitised_cm2  ratio_recast_over_digitised  shape_ratio_normalised_at_0
       0.0      5.059107e+08        1.349207e-46             7.880000e-46                     0.171219                     1.000000
      50.0      1.815790e+08        3.759125e-46             2.575572e-45                     0.145953                     0.852434
     100.0      2.345349e+07        2.910349e-45             2.558545e-44                     0.113750                     0.664354
     110.0      1.436677e+07        4.751090e-45             4.417217e-44                     0.107558                     0.628192
     120.0      8.548113e+06        7.985134e-45             8.036266e-44                     0.099364                     0.580331
     130.0      4.913269e+06        1.389255e-44             1.572668e-43                     0.088337                     0.515932
     140.0      2.713984e+06        2.515042e-44             3.072134e-43                     0.081866                     0.478137
     150.0      1.425380e+06        4.788746e-44             5.990352e-43                     0.079941                     0.466893
     160.0      7.032959e+05        9.705422e-44             1.144062e-42                     0.084833                     0.495465
     170.0      3.185438e+05        2.142808e-43             2.840740e-42                     0.075431                     0.440554
     180.0      1.271793e+05        5.367056e-43             7.330100e-42                     0.073219                     0.427636
     190.0      4.176495e+04        1.634333e-42             1.999399e-41                     0.081741                     0.477407
     200.0      9.493494e+03        7.189958e-42             7.169386e-41                     0.100287                     0.585723
     210.0      8.841721e+02        7.719971e-41             4.619704e-40                     0.167110                     0.975998
     220.0      2.240159e+00        3.047008e-38             4.321066e-39                     7.051518                    41.184164
     230.0      0.000000e+00                 inf             5.644039e-38                          inf                          inf
     240.0      0.000000e+00                 inf                      NaN                          NaN                          NaN
implied ROI edges:
         curve  delta_end_keV             vmax_label   vmax_kms  E_minus_keV
  XENON1T 2018          230.8           annual 794.6 794.552470    46.623051
  XENON1T 2018          230.8             June 809.1 809.119561    44.045190
  XENON1T 2018          230.8            v0+vesc 776 776.000000    50.323634
  XENON1T 2018          230.8 vE=232 + vesc=544 + 15 791.000000    47.292963
PandaX-4T 2021          303.3           annual 794.6 794.552470   100.936854
PandaX-4T 2021          303.3             June 809.1 809.119561    93.445828
PandaX-4T 2021          303.3            v0+vesc 776 776.000000   112.541352
PandaX-4T 2021          303.3 vE=232 + vesc=544 + 15 791.000000   102.957398
ROI edge scan:
 m_GeV  delta_keV  kappa_1event  N_X_edge150  N_P_edge150  N_X_edge200  N_P_edge200  N_X_edge250  N_P_edge250  N_X_edge270  N_P_edge270  N_X_edge300  N_P_edge300  N_X_LZlike  N_X_hiedge  N_P_LZlike  N_P_hiedge
 400.0      250.0      0.000012     0.409066     0.203213     0.972407     0.483067     1.089951     0.541459     1.091460     0.542209     1.096485     0.544706    1.091549    0.971316    0.542254    0.482525
 400.0      300.0      0.000324     0.106362     0.052838     0.839319     0.416952     1.087681     0.540332     1.091112     0.542036     1.104777     0.548825    1.091549    0.979073    0.542254    0.486378
1000.0      250.0      0.000010     0.435280     0.216236     0.965852     0.479810     1.089555     0.541263     1.091403     0.542181     1.098196     0.545555    1.091549    0.973160    0.542254    0.483441
1000.0      300.0      0.000080     0.214898     0.106756     0.880196     0.437258     1.087583     0.540283     1.091127     0.542044     1.105938     0.549402    1.091549    0.981002    0.542254    0.487336
1000.0      350.0      0.006466     0.000000     0.000000     0.376593     0.187082     1.063362     0.528251     1.084762     0.538882     1.226845     0.609465    1.091549    1.104232    0.542254    0.548554
1000.0      380.0     14.789849     0.000000     0.000000     0.000000     0.000000     0.051812     0.025739     0.425953     0.211603     9.938172     4.937028    1.091549   10.158270    0.542254    5.046366
4000.0      250.0      0.000025     0.448463     0.222785     0.964286     0.479032     1.089422     0.541197     1.091380     0.542170     1.098813     0.545862    1.091549    0.973837    0.542254    0.483777
4000.0      300.0      0.000156     0.233638     0.116066     0.884776     0.439534     1.087501     0.540242     1.091115     0.542038     1.106425     0.549643    1.091549    0.981659    0.542254    0.487663
4000.0      350.0      0.003139     0.007636     0.003793     0.608949     0.302510     1.077158     0.535104     1.088957     0.540966     1.154409     0.573480    1.091549    1.031337    0.542254    0.512341
4000.0      380.0      0.166951     0.000000     0.000000     0.065645     0.032611     0.975776     0.484741     1.049671     0.521450     1.798889     0.893641    1.091549    1.711223    0.542254    0.850091
done.
9     1.096485     0.544706    1.091549    0.971316    0.542254    0.482525
 400.0      300.0      0.000324     0.106362     0.052838     0.839319     0.416952     1.087681     0.540332     1.091112     0.542036     1.104777     0.548825    1.091549    0.979073    0.542254    0.486378
1000.0      250.0      0.000010     0.435280     0.216236     0.965852     0.479810     1.089555     0.541263     1.091403     0.542181     1.098196     0.545555    1.091549    0.973160    0.542254    0.483441
1000.0      300.0      0.000080     0.214898     0.106756     0.880196     0.437258     1.087583     0.540283     1.091127     0.542044     1.105938     0.549402    1.091549    0.981002    0.542254    0.487336
1000.0      350.0      0.006466     0.000000     0.000000     0.376593     0.187082     1.063362     0.528251     1.084762     0.538882     1.226845     0.609465    1.091549    1.104232    0.542254    0.548554
1000.0      380.0     14.789849     0.000000     0.000000     0.000000     0.000000     0.051812     0.025739     0.425953     0.211603     9.938172     4.937028    1.091549   10.158270    0.542254    5.046366
4000.0      250.0      0.000025     0.448463     0.222785     0.964286     0.479032     1.089422     0.541197     1.091380     0.542170     1.098813     0.545862    1.091549    0.973837    0.542254    0.483777
4000.0      300.0      0.000156     0.233638     0.116066     0.884776     0.439534     1.087501     0.540242     1.091115     0.542038     1.106425     0.549643    1.091549    0.981659    0.542254    0.487663
4000.0      350.0      0.003139     0.007636     0.003793     0.608949     0.302510     1.077158     0.535104     1.088957     0.540966     1.154409     0.573480    1.091549    1.031337    0.542254    0.512341
4000.0      380.0      0.166951     0.000000     0.000000     0.065645     0.032611     0.975776     0.484741     1.049671     0.521450     1.798889     0.893641    1.091549    1.711223    0.542254    0.850091
done.
