[A] electron line, 1 TeV, delta=300 keV:
 m_GeV  delta_keV  v_kms  T_min_keV  T_mean_keV  T_max_keV  half_width_keV  doppler_estimate_keV   p_f_keV  mean_minus_delta_eV
1000.0      300.0    0.0 299.999802  299.999802 299.999802        0.000000              0.000000 629.76136            -0.198249
1000.0      300.0  250.0 299.475097  300.000261 300.525426        0.525164              0.525164 629.76136             0.261387
1000.0      300.0  550.0 298.846662  300.002027 301.157391        1.155365              1.155362 629.76136             2.026529
1000.0      300.0  810.0 298.303083  300.004627 301.706171        1.701544              1.701533 629.76136             4.627101
[A] halo <v>=354 km/s, v_rms=379; Doppler sigma at 300/350/380 keV: {300: 0.46, 350: 0.51, 380: 0.53} keV; detector sigma: {300: 6.0, 350: 6.5, 380: 6.8} keV
[A] ER position (LZ-tuned NEST):
 E_keV      Nph       Ne  S1c_phd  log10S2c  in_WS_ROI
  20.0  1080.99   407.06   118.91      4.15       True
  25.0  1376.86   483.21   151.45      4.22      False
  30.0  1673.91   558.17   184.13      4.28      False
  40.0  2268.14   707.97   249.50      4.39      False
 100.0  5422.45  2017.82   596.47      4.84      False
 130.0  6669.21  3003.15   733.61      5.02      False
 300.0 12797.20  9523.62  1407.69      5.52      False
 350.0 14496.96 11543.99  1594.67      5.60      False
 380.0 15504.99 12768.04  1705.55      5.64      False
[B] electron line rates (1 TeV, P011 sigma_p(N=1)):
 delta_keV  sigma_p_N1_cm2  mu_e2_over_mu_p2  sigma_e_cm2  sigma_v_over_sigma_c  p_f_keV  R_e_per_tyr_f2eq1  R_e_per_tyr_per_f2sigma_e  R_nuc_ROI_per_tyr_f2eq1_P058  ratio_nuc_over_e  prop_suppression_mA_2p4GeV
       250         1.2e-42          2.97e-07     3.57e-49                  1.37      564           3.44e-05                   9.66e+43                           NaN               NaN                           1
       300        8.59e-42          2.97e-07     2.55e-48                  1.59      630           0.000286                   1.12e+44                           302          1.06e+06                           1
       350        2.99e-40          2.97e-07     8.89e-47                  1.82      693             0.0114                   1.28e+44                      6.37e+03           5.6e+05                           1
       366        2.69e-39          2.97e-07     7.99e-46                  1.89      713              0.106                   1.33e+44                      5.04e+04          4.73e+05                           1
       380         5.6e-38          2.97e-07     1.66e-44                  1.96      730               2.29                   1.38e+44                       9.3e+05          4.06e+05                           1
[C] 2nbb: 1.3e+05 decays/(t yr); dN/dE at 300/350/380 keV = 51.16/61.03/66.87 per (t yr keV); check 1.5-20 (1.5-40) keV x 2.84 t yr = 70 (288) vs LZ Table I 110
[C] 214Pb shape ratio S(E)/S(20 keV): {300: 1.22, 350: 1.19, 380: 1.16}
 E_keV bkg_case  bb2n_per_tyr_keV  Pb214_per_tyr_keV  B_total_per_tyr_keV  sigma_E_keV  exposure_tyr   experiment  B_in_window  S90_events  f2_sigma_e_limit_cm2  f2_limit_DP_model
   300  central              51.2                 23                 74.2         5.99          2.84 LZ 2.84 t yr     3.79e+03         117              3.66e-43           1.43e+05
   300  central              51.2                 23                 74.2         5.99             1       1 t yr     1.33e+03        69.1              6.17e-43           2.42e+05
   300  central              51.2                 23                 74.2         5.99            20      20 t yr     2.67e+04         309              1.38e-43            5.4e+04
   350  central                61               22.5                 83.5         6.51          2.84 LZ 2.84 t yr     4.63e+03         129              3.55e-43           3.99e+03
   350  central                61               22.5                 83.5         6.51             1       1 t yr     1.63e+03        76.5              5.98e-43           6.73e+03
   350  central                61               22.5                 83.5         6.51            20      20 t yr     3.26e+04         342              1.34e-43            1.5e+03
   380  central              66.9                 22                 88.8         6.81          2.84 LZ 2.84 t yr     5.15e+03         136              3.47e-43               20.9
   380  central              66.9                 22                 88.8         6.81             1       1 t yr     1.81e+03        80.7              5.86e-43               35.2
   380  central              66.9                 22                 88.8         6.81            20      20 t yr     3.63e+04         361              1.31e-43               7.87
[D] sigma_p(c_p = 1 GeV^-2, 1 TeV) = 1.089e-28 cm^2
[D] delta=300 done, 0 s
[D] delta=350 done, 0 s
[D] delta=380 done, 0 s
[D] exothermic spectra, proton-only, 1 TeV, sigma_p(N=1), f2 = 1, Sun-frame halo:
    Xe        p        300     130         268                    189                0.339 71.4  162  214       170              0        0.262         0.484         0.192          0.0336                   1
    Ar        p        300      38         290                    115                 7.08  180  245  334       222              0     0.000191         0.237         0.684          0.0536                20.9
    Ge        p        300      73         281                    153                  1.6  111  147  199       138              0       0.0653         0.743         0.113          0.0411                4.74
    Si        p        300      29         292                    102                  8.5  210  280  373       254              0            0         0.106         0.767           0.107                25.1
     O        p        300      17         295                   79.4                 5.41  239  301  378       286              0            0        0.0282         0.852           0.104                  16
    Ca        p        300      43         288                    122                 8.18  179  242  330       218              0     0.000209         0.245         0.681          0.0484                24.1
     W        p        300     183         256                    211                0.405 80.9  104  204        94              0        0.385         0.371         0.161         0.00939                 1.2
    Na        p        300      23         294                   91.6                 7.74  223  292  381       270              0            0         0.067         0.795           0.119                22.9
     I        p        300     127         268                    188                 0.32 69.4  161  217        70              0        0.343         0.383         0.212          0.0288               0.945
    Xe        p        350     130         312                    204                 7.61  142  181  238       174              0       0.0722         0.556         0.277          0.0594                   1
    Ar        p        350      38         338                    125                  183  212  280  372       258              0            0        0.0995         0.776           0.103                  24
    Ge        p        350      73         328                    165                 27.5  131  171  314       158              0      0.00991         0.657         0.196           0.105                3.61
    Si        p        350      29         341                    110                  255  248  323  421       298              0            0         0.025         0.746           0.212                33.5
     O        p        350      17         345                   85.7                  186  281  349  431       334              0            0        0.0016         0.719           0.263                24.4
    Ca        p        350      43         337                    132                  208  210  277  367       254              0            0         0.104          0.78          0.0943                27.4
     W        p        350     183         299                    227                 8.99 87.4  114  224       102              0        0.272         0.398         0.243          0.0163                1.18
    Na        p        350      23         343                   98.9                  248  263  337  432       314              0            0        0.0106         0.724           0.249                32.6
     I        p        350     127         313                    203                  6.7  142  186  238       182              0        0.106         0.473         0.324           0.055                0.88
    Xe        p        380     130         339                    213             1.16e+03  151  188  268       178              0       0.0269          0.54         0.317          0.0778                   1
    Ar        p        380      38         367                    130             2.84e+04  231  301  393       278              0            0        0.0497         0.787           0.145                24.5
    Ge        p        380      73         356                    172             3.45e+03  145  189  410       166              0      0.00124          0.54         0.253           0.175                2.98
    Si        p        380      29         370                    115             4.34e+04  270  348  449       326              0            0       0.00763         0.681           0.296                37.5
     O        p        380      17         374                   89.3             3.44e+04  307  378  463       362              0            0      8.18e-05          0.59           0.391                29.7
    Ca        p        380      43         365                    137              3.2e+04  229  297  388       274              0            0        0.0526         0.796           0.133                27.6
     W        p        380     183         325                    237             1.27e+03 92.1  125  235       102              0        0.204         0.398         0.307          0.0227                1.09
    Na        p        380      23         372                    103             4.39e+04  287  364  462       342              0            0        0.0022         0.631           0.351                37.9
     I        p        380     127         340                    211                1e+03  156  194  251       186              0       0.0415         0.469         0.373          0.0734               0.865
 CaWO4        p        300     NaN         NaN                    NaN                  2.6  182  265  355       254              0          NaN           NaN           NaN             NaN                7.67
 CaWO4        p        350     NaN         NaN                    NaN                 76.1  225  314  408       310              0          NaN           NaN           NaN             NaN                9.99
 CaWO4        p        380     NaN         NaN                    NaN             1.29e+04  252  344  440       342              0          NaN           NaN           NaN             NaN                11.1
   NaI        p        300     NaN         NaN                    NaN                 1.46  186  272  371       258              0          NaN           NaN           NaN             NaN                4.31
   NaI        p        350     NaN         NaN                    NaN                 43.7  232  324  425       318              0          NaN           NaN           NaN             NaN                5.74
   NaI        p        380     NaN         NaN                    NaN             7.58e+03  259  353  456       346              0          NaN           NaN           NaN             NaN                6.55
    Xe      iso        300     130         NaN                    NaN                 1.45  NaN  155  NaN       NaN            NaN          NaN           NaN           NaN             NaN                 NaN
    Ar      iso        300      38         NaN                    NaN                 31.9  NaN  242  NaN       NaN            NaN          NaN           NaN           NaN             NaN                 NaN
    Ge      iso        300      73         NaN                    NaN                 6.99  NaN  145  NaN       NaN            NaN          NaN           NaN           NaN             NaN                 NaN
    Si      iso        300      29         NaN                    NaN                   34  NaN  280  NaN       NaN            NaN          NaN           NaN           NaN             NaN                 NaN
[D] check: Xe total exothermic rate at sigma_p(N=1), delta=300 = 339 /(t yr); P058 ROI-accepted 859/2.84 = 302 /(t yr) (ROI x eff ~ 0.89)
[D] events per unit f2 at sigma_p(N=1), whole exothermic spectrum, no efficiency (delta = 300):
            experiment target  exposure_tyr exposure_reliability analysis_range_recalled  delta_keV  exo_events_per_f2  f2_sensitivity_if_zero_events_full_spectrum
LZ WS2024 (this paper)     Xe          2.84      certain (paper) 5-270 (+ empty 272-670)        300                962                                      0.00239
       XENONnT SR0+SR1     Xe           3.1            uncertain                    3-60        300           1.05e+03                                      0.00219
   PandaX-4T Run0+Run1     Xe          1.54               likely                  ~3-100        300                521                                      0.00441
               XENON1T     Xe             1              certain                    3-70        300                339                                      0.00679
      DEAP-3600 (2019)     Ar          2.08               likely      ~50-100 (WIMP ROI)        300           1.47e+04                                     0.000156
    DarkSide-50 (2018)     Ar        0.0456               likely                 ~30-200        300                323                                      0.00712
 SuperCDMS Soudan iZIP     Ge       0.00463               likely                   8-115        300               7.42                                         0.31
         EDELWEISS-III     Ge       0.00136               likely                 ~10-100        300               2.18                                         1.06
     CRESST-III (2019)  CaWO4      1.53e-05               likely                 0.03-16        300             0.0398                                         57.7
     COSINE-100 (2021)    NaI         0.172            uncertain            ~1-15 keV_ee        300                251                                      0.00917
[E] self-up-scattering thresholds:
 m_GeV  delta_keV  v_rel_threshold_chi2chi2_kms  v_rel_threshold_chi1chi2_kms  v_rel_max_halo_kms  ratio_to_max
   400        300                         734.3                         519.3                1619        0.3207
   400        350                         793.2                         560.9                1619        0.3464
   400        380                         826.5                         584.4                1619        0.3609
  1000        300                         464.4                         328.4                1619        0.2028
  1000        350                         501.6                         354.7                1619        0.2191
  1000        380                         522.7                         369.6                1619        0.2283
  4000        300                         232.2                         164.2                1619        0.1014
  4000        350                         250.8                         177.4                1619        0.1095
  4000        380                         261.4                         184.8                1619        0.1141
[E] v_min,opt (km/s) for delta=300 keV, 1 TeV on A=1,4,16,28,56,131,208: {1: 7612, 4: 3811, 16: 1916, 28: 1457, 56: 1043, 131: 704, 208: 576} ; halo v_max = 810
[E] check lz.vmin_kms(E*, 1 TeV, delta=300) on Xe = 703 km/s vs sqrt(2 delta/mu) = 704
[E] re-population estimates:
 delta_keV  v_thr_Fe_kms  v_thr_Pb_kms  v_max_halo_kms  Fe_upscatter_per_kgyr_sigmaN1  N_up_Earth_core_per_yr  chi1_crossings_per_yr  P_conv_per_crossing  f2_induced_Earth  N_Pb_Earth  P_conv_Pb_upper  f2_induced_Pb_upper  Xe_upscatter_per_tyr  P058_endo_ROI_check  sigma_v_up_Xe_cm3_s  Gamma_ISM_per_s  f2_ISM_tU  Gamma_CR_per_s  f2_CR_tU  P_sun_crossing_tU   f2_Sun
       300      1.04e+03           576             810                              0                       0               4.27e+29                    0                 0    3.47e+42            2e-14                1e-14                 0.377                0.352             8.69e-33         8.69e-42   3.79e-24        8.59e-42  3.74e-24           1.88e-21 3.76e-26
       350      1.13e+03           623             810                              0                       0               4.27e+29                    0                 0    3.47e+42         2.02e-14             1.01e-14                  0.38                0.352             8.74e-33         8.74e-42   3.81e-24        2.99e-40   1.3e-22           1.88e-21 3.76e-26
       380      1.17e+03           649             810                              0                       0               4.27e+29                    0                 0    3.47e+42         3.98e-14             1.99e-14                  0.75                0.352             1.73e-32         1.73e-41   7.52e-24         5.6e-38  2.44e-20           1.88e-21 3.76e-26
[E2] halo self-up-scattering: <v_rel> = 380 km/s, fraction above threshold (1 TeV) = {300.0: 0.282, 350.0: 0.217, 380.0: 0.185}
 delta_keV  m_Aprime_GeV  alpha_D  sigma0_cm2  sigma_over_m_cm2_g  Gamma_up_per_s    tau_s  f2_steady_state  f2_primordial  f2_total  LZ_exo_events_2p84tyr_ss  LZ_exo_events_2p84tyr_prim
       300           2.4   0.0245    8.85e-26            4.97e-05        1.57e-22 8.38e+16          1.3e-05        0.00277   0.00278                    0.0112                        2.38
       300           2.6   0.0245    6.43e-26            3.61e-05         1.2e-22 6.08e+16         7.28e-06       0.000389  0.000396                   0.00625                       0.334
       300           2.9   0.0245    4.15e-26            2.33e-05        8.24e-23 3.93e+16         3.24e-06       7.71e-06  1.09e-05                   0.00278                     0.00662
       300             3   0.0245    3.63e-26            2.03e-05        7.32e-23 3.43e+16         2.51e-06       1.54e-06  4.06e-06                   0.00216                     0.00133
       300           3.5   0.0245    1.96e-26             1.1e-05        4.24e-23 1.85e+16         7.85e-07       3.09e-11  7.85e-07                  0.000675                    2.65e-08
       300             4   0.0245    1.15e-26            6.44e-06        2.61e-23 1.09e+16         2.83e-07       1.92e-18  2.83e-07                  0.000243                    1.65e-15
       300             5   0.0245     4.7e-27            2.64e-06        1.14e-23 4.45e+15         5.05e-08       1.51e-43  5.05e-08                  4.34e-05                    1.29e-40
       300             7   0.0245    1.22e-27            6.86e-07        3.13e-24 1.16e+15         3.63e-09      2.24e-164  3.63e-09                  3.12e-06                   1.93e-161
       300            10   0.0245    2.94e-28            1.65e-07        7.77e-25 2.78e+14         2.16e-10              0  2.16e-10                  1.86e-07                           0
       350           2.4   0.0245    8.85e-26            4.97e-05        1.17e-22 1.12e+15          1.3e-07      1.27e-170   1.3e-07                   0.00235                    2.3e-166
       350           2.6   0.0245    6.43e-26            3.61e-05        8.95e-23  8.1e+14         7.25e-08      1.28e-234  7.25e-08                   0.00131                   2.31e-230
       350           2.9   0.0245    4.15e-26            2.33e-05        6.18e-23 5.23e+14         3.23e-08              0  3.23e-08                  0.000585                           0
       350             3   0.0245    3.63e-26            2.03e-05         5.5e-23 4.57e+14         2.51e-08              0  2.51e-08                  0.000454                           0
       350           3.5   0.0245    1.96e-26             1.1e-05        3.19e-23 2.47e+14         7.88e-09              0  7.88e-09                  0.000143                           0
       350             4   0.0245    1.15e-26            6.44e-06        1.97e-23 1.45e+14         2.85e-09              0  2.85e-09                  5.16e-05                           0
       350             5   0.0245     4.7e-27            2.64e-06        8.61e-24 5.92e+13          5.1e-10              0   5.1e-10                  9.23e-06                           0
       350             7   0.0245    1.22e-27            6.86e-07        2.38e-24 1.54e+13         3.67e-11              0  3.67e-11                  6.64e-07                           0
       350            10   0.0245    2.94e-28            1.65e-07        5.92e-25  3.7e+12         2.19e-12              0  2.19e-12                  3.96e-08                           0
       380           2.4   0.0245    8.85e-26            4.97e-05        9.76e-23 3.92e+12         3.82e-10              0  3.82e-10                   0.00101                           0
       380           2.6   0.0245    6.43e-26            3.61e-05         7.5e-23 2.84e+12         2.13e-10              0  2.13e-10                  0.000563                           0
       380           2.9   0.0245    4.15e-26            2.33e-05        5.19e-23 1.84e+12         9.54e-11              0  9.54e-11                  0.000252                           0
       380             3   0.0245    3.63e-26            2.03e-05        4.62e-23  1.6e+12         7.41e-11              0  7.41e-11                  0.000196                           0
       380           3.5   0.0245    1.96e-26             1.1e-05        2.69e-23 8.66e+11         2.33e-11              0  2.33e-11                  6.15e-05                           0
       380             4   0.0245    1.15e-26            6.44e-06        1.66e-23 5.08e+11         8.44e-12              0  8.44e-12                  2.23e-05                           0
       380             5   0.0245     4.7e-27            2.64e-06        7.28e-24 2.08e+11         1.51e-12              0  1.51e-12                     4e-06                           0
       380             7   0.0245    1.22e-27            6.86e-07        2.02e-24 5.41e+10         1.09e-13              0  1.09e-13                  2.88e-07                           0
       380            10   0.0245    2.94e-28            1.65e-07        5.01e-25  1.3e+10         6.52e-15              0  6.52e-15                  1.72e-08                           0
[E2] Higgsino: sigma_self ~ 2.1e-33 cm^2, Gamma_up ~ 4.1e-30 /s, f2_ss = Gamma tau_nunu = 4.9e-24
[E2] steady-state exceeds primordial for m_A' > 2.97 GeV (delta = 300 keV, alpha_D = 0.0245)
[F] f2(today) <-> tau <-> m_A' (dark photon, f2,fo = 0.5):
 f2_today    tau_s  tau_over_tU  mA_GeV_300  mA_GeV_350  mA_GeV_380
   0.0028  8.4e+16        0.193         2.4       0.815       0.198
    0.001 7.01e+16        0.161        2.51       0.852       0.208
   0.0001 5.11e+16        0.117        2.72       0.922       0.225
    1e-05 4.02e+16       0.0924        2.88       0.979       0.238
    1e-06 3.32e+16       0.0762        3.03        1.03        0.25
    1e-08 2.46e+16       0.0564        3.26        1.11        0.27
Done in 26 s
