[   0.0s] Part 0: v_E(16 June) = 265.98 km/s, v_max = 809.98; eta0 mine/WimPyDD = 1.000000
[   1.6s]   validation delta=300: N mine 1155  WimPyDD 1173  ratio 0.9845
[   3.1s]   validation delta=350: N mine 27.51  WimPyDD 28.71  ratio 0.9584
[   4.6s]   validation delta=380: N mine 0.3131  WimPyDD 0.3333  ratio 0.9395
[   4.6s] Part 1: elastic kernels O1, O4, O6, O10
[  27.6s]   N_lo(SHM) O1 = 2569; monochromatic-stream O1 ratios: {300.0: inf, 500.0: 1181.9, 555.0: 1181.9, 600.0: 1181.9, 700.0: 1181.9, 800.0: 1181.9, 900.0: 1181.9, 1000.0: 1181.9}
[  27.6s]   Helm flat estimate 353.4; shell-model flat (900 km/s) 1181.9
operator                    halo  v_lab_kms  f_s   E_max_keV         R_lo         R_hi  N_lo_per_hi
      O1           SHM (16 June)        NaN 0.00 1418.351307 5.106401e+08 1.987325e+05  2569.484199
      O1    monochromatic stream      300.0 1.00  194.572100 1.630712e+11 0.000000e+00          inf
      O1 SHM + stream (sigma 20)      300.0 0.01  280.183824 5.109694e+08 1.978606e+05  2582.472118
      O1 SHM + stream (sigma 20)      300.0 0.05  280.183824 5.122866e+08 1.943727e+05  2635.589077
      O1 SHM + stream (sigma 20)      300.0 0.20  280.183824 5.172262e+08 1.812933e+05  2852.980286
      O1    monochromatic stream      500.0 1.00  540.478056 1.630712e+11 1.379740e+08  1181.897821
      O1 SHM + stream (sigma 20)      500.0 0.01  677.975673 5.087951e+08 1.995047e+05  2550.291581
      O1 SHM + stream (sigma 20)      500.0 0.05  677.975673 5.014152e+08 2.025933e+05  2474.984106
      O1 SHM + stream (sigma 20)      500.0 0.20  677.975673 4.737405e+08 2.141756e+05  2211.925569
      O1    monochromatic stream      555.0 1.00  665.923013 1.630712e+11 1.379740e+08  1181.897821
      O1 SHM + stream (sigma 20)      555.0 0.01  817.689251 5.084719e+08 1.992312e+05  2552.169819
      O1 SHM + stream (sigma 20)      555.0 0.05  817.689251 4.997992e+08 2.012260e+05  2483.770495
      O1 SHM + stream (sigma 20)      555.0 0.20  817.689251 4.672765e+08 2.087064e+05  2238.917886
      O1    monochromatic stream      600.0 1.00  778.288400 1.630712e+11 1.379740e+08  1181.897821
      O1 SHM + stream (sigma 20)      600.0 0.01  941.728965 5.082515e+08 1.990448e+05  2553.453395
      O1 SHM + stream (sigma 20)      600.0 0.05  941.728965 4.986973e+08 2.002937e+05  2489.829994
      O1 SHM + stream (sigma 20)      600.0 0.20  941.728965 4.628691e+08 2.049774e+05  2258.147604
      O1    monochromatic stream      700.0 1.00 1059.336990 1.630712e+11 1.379740e+08  1181.897821
      O1 SHM + stream (sigma 20)      700.0 0.01 1248.720500 5.078633e+08 1.987163e+05  2555.720795
      O1 SHM + stream (sigma 20)      700.0 0.05 1248.720500 4.967560e+08 1.986512e+05  2500.644634
      O1 SHM + stream (sigma 20)      700.0 0.20 1248.720500 4.551038e+08 1.984072e+05  2293.787277
      O1    monochromatic stream      800.0 1.00 1383.623823 1.630712e+11 1.379740e+08  1181.897821
      O1 SHM + stream (sigma 20)      800.0 0.01 1598.950281 5.075721e+08 1.984699e+05  2557.426270
      O1 SHM + stream (sigma 20)      800.0 0.05 1598.950281 4.953000e+08 1.974193e+05  2508.873711
      O1 SHM + stream (sigma 20)      800.0 0.20 1598.950281 4.492799e+08 1.934795e+05  2322.105491
      O1    monochromatic stream      900.0 1.00 1751.148901 1.630712e+11 1.379740e+08  1181.897821
      O1 SHM + stream (sigma 20)      900.0 0.01 1992.418305 5.073456e+08 1.982782e+05  2558.755681
      O1 SHM + stream (sigma 20)      900.0 0.05 1992.418305 4.941676e+08 1.964611e+05  2515.345453
      O1 SHM + stream (sigma 20)      900.0 0.20 1992.418305 4.447501e+08 1.896469e+05  2345.148170
      O1    monochromatic stream     1000.0 1.00 2161.912224 1.630712e+11 1.379740e+08  1181.897821
      O1 SHM + stream (sigma 20)     1000.0 0.01 2429.124574 5.071644e+08 1.981249e+05  2559.821064
      O1 SHM + stream (sigma 20)     1000.0 0.05 2429.124574 4.932616e+08 1.956946e+05  2520.568490
      O1 SHM + stream (sigma 20)     1000.0 0.20 2429.124574 4.411263e+08 1.865808e+05  2364.263954
[  27.6s] Part 2: Higgsino kernels for 41 deltas
[  85.4s]   grid done
 v_lab_kms  v_gal_antialigned_june  bound  delta_max_mono  delta_max_3sigma  delta_N_1em3_of_300  N_stream_300  N_stream_380  N_stream_400  N_stream_450
     600.0              334.022644   True      214.752237        264.062653           320.187530  3.570355e-03  0.000000e+00  0.000000e+00  0.000000e+00
     625.0              359.022644   True      235.298243        284.608660           323.796506  1.178912e+00  5.282085e-13  0.000000e+00  0.000000e+00
     650.0              384.022644   True      255.844250        305.154666           328.463611  1.121795e+02  6.250820e-09  1.263316e-12  0.000000e+00
     675.0              409.022644   True      276.390257        325.700673           334.885666  3.285796e+03  1.608951e-05  1.255515e-08  0.000000e+00
     700.0              434.022644   True      296.936264        346.246680           343.857515  3.228204e+04  9.609662e-03  2.782226e-05  7.174864e-14
     725.0              459.022644   True      317.482270        366.792687           356.053997  1.243183e+05  1.430101e+00  1.435068e-02  1.076384e-09
     750.0              484.022644   True      338.028277        387.338693           371.507854  2.392732e+05  6.280795e+01  1.829993e+00  3.353825e-06
     775.0              509.022644   True      358.574284        407.884700           389.489519  3.030141e+05  1.113201e+03  6.681567e+01  2.448998e-03
     800.0              534.022644   True      379.120291        428.430707           408.909036  3.197472e+05  1.001744e+04  9.732093e+02  4.358559e-01
     825.0              559.022644  False      399.666297        448.976714           428.445219  3.390872e+05  4.591704e+04  7.945306e+03  2.031434e+01
     850.0              584.022644  False      420.212304        469.522720           447.026135  4.063513e+05  1.154127e+05  3.652950e+04  2.962271e+02
     875.0              609.022644  False      440.758311        490.068727           464.286209  5.492453e+05  1.901840e+05  9.538990e+04  2.107078e+03
     900.0              634.022644  False      461.304318        510.614734           480.513166  7.793869e+05  2.415991e+05  1.647870e+05  1.103143e+04
     925.0              659.022644  False      481.850324        531.160741           496.262843  1.096223e+06  2.637137e+05  2.191751e+05  3.842284e+04
     950.0              684.022644  False      502.396331        551.706747                  NaN  1.490353e+06  2.669217e+05  2.483842e+05  8.635730e+04
     975.0              709.022644  False      522.942338        572.252754                  NaN  1.950696e+06  2.675550e+05  2.567791e+05  1.412336e+05
    1000.0              734.022644  False      543.488345        592.798761                  NaN  2.464874e+06  2.815183e+05  2.558076e+05  1.878090e+05
 delta_keV     N_SHM  v_lab_kinematic_min  v_lab_for_fs_1.0  v_lab_for_fs_0.2  v_lab_for_fs_0.05  v_lab_for_fs_0.01  v_lab_for_fs_0.001
     350.0 27.513702           764.566970               NaN               NaN                NaN                NaN                 NaN
     365.0  3.318111           782.818692               NaN               NaN                NaN                NaN                 NaN
     380.0  0.313132           801.070414        725.000000        731.977363         740.589033         750.820191          770.810479
     400.0  0.001398           825.406043        746.944724        756.978795         766.610202         778.750487          800.306685
     450.0  0.000000           886.245116        805.404042        815.877324         824.898519         839.869053          865.502953
[  85.5s] Part 2b: annual modulation of stream signals
                            direction  v_gal_kms  v_lab_mean_kms  v_lab_june16_kms  v_lab_semi_amplitude  peak_doy  orbital_projection_amplitude  delta_max_june16  mod_amp_d350  frac_year_nonzero_d380  peak_doy_d380
    anti-aligned (retrograde, -v_sun)      400.0      650.552470        665.198394             14.607054     151.0                     14.618666        268.334903      0.999067                1.000000          151.0
    anti-aligned (retrograde, -v_sun)      500.0      750.552470        765.130800             14.609942     151.0                     14.618666        350.463378      0.866763                1.000000          151.0
    anti-aligned (retrograde, -v_sun)      544.0      794.552470        809.106350             14.610882     151.0                     14.618666        386.604256      0.509577                1.000000          151.0
    anti-aligned (retrograde, -v_sun)      600.0      850.552470        865.078828             14.611874     151.0                     14.618666        432.604692      0.092893                1.000000          151.0
           aligned (prograde, +v_sun)      400.0      149.447530        137.836876             14.400998     334.0                     14.618666       -165.072030           NaN                0.000000            NaN
           aligned (prograde, +v_sun)      500.0      249.447530        236.775773             14.539854     334.0                     14.618666        -83.760060           NaN                0.000000            NaN
           aligned (prograde, +v_sun)      544.0      293.447530        280.547362             14.561636     334.0                     14.618666        -47.786806           NaN                0.000000            NaN
           aligned (prograde, +v_sun)      600.0      349.447530        336.342875             14.578405     334.0                     14.618666         -1.931806           NaN                0.000000            NaN
         perpendicular, vertical (+z)      400.0      465.764468        495.523162             29.762280     166.0                     25.841512        128.888964           NaN                0.000000            NaN
         perpendicular, vertical (+z)      500.0      552.699322        582.445720             29.744681     166.0                     25.841512        200.325422      1.000000                0.000000            NaN
         perpendicular, vertical (+z)      544.0      592.258508        621.938047             29.672743     166.0                     25.841512        232.781807      1.000000                0.262295          163.0
         perpendicular, vertical (+z)      600.0      643.441171        673.010274             29.555580     166.0                     25.841512        274.755020      1.000000                0.631148          166.0
perpendicular, radial (+x, toward GC)      400.0      462.489503        470.878095             24.756797     241.0                     29.650948        108.634655           NaN                0.000000            NaN
perpendicular, radial (+x, toward GC)      500.0      549.250890        556.301839             26.038878     244.0                     29.650948        178.839329           NaN                0.000000            NaN
perpendicular, radial (+x, toward GC)      544.0      588.757794        595.328297             26.440343     244.0                     29.650948        210.912843      1.000000                0.147541          253.0
perpendicular, radial (+x, toward GC)      600.0      639.887912        645.923597             26.867757     247.0                     29.650948        252.494098      1.000000                0.663934          247.0
     perpendicular, in ecliptic plane      400.0      471.992097        473.940375             26.394360      79.0                     29.788135        111.151361           NaN                0.000000            NaN
     perpendicular, in ecliptic plane      500.0      559.264285        559.542993             27.414445      76.0                     29.788135        181.503039      1.000000                0.000000            NaN
     perpendicular, in ecliptic plane      544.0      598.926156        598.623979             27.735409      73.0                     29.788135        213.621367      1.000000                0.344262           73.0
     perpendicular, in ecliptic plane      600.0      650.212688        649.274396             28.054071      73.0                     29.788135        255.247920      0.999999                0.672131           73.0
[  85.7s] Part 3: known substructures
                                         name  v_gal_kms  v_lab_june16_kms  delta_max_mono_june  delta_max_2sigma_june  E_max_elastic_keV  boost_fmax_d300  boost_fmax_d350  boost_fmax_d380
             Sagittarius stream (leading, -z) 300.000000        386.839135            39.568054              72.441665         323.518310         0.970000         0.970000         0.970000
              Sagittarius stream (+z variant) 300.000000        414.539976            62.333720              95.207331         371.510329         0.970000         0.970000         0.970000
                 S1 stream (Gaia, retrograde) 314.464624        574.689426           193.950988             292.571820         714.010289         1.088749         1.047238         1.673766
               S2 stream (prograde, vertical) 299.051835        252.666616           -70.700325              -4.953104         138.017382         0.990000         0.990000         0.990000
   Gaia-Enceladus/Sausage debris (radial, +x) 250.000000        357.222403            15.227831             146.722274         275.876961         0.800223         0.800094         0.800426
   Gaia-Enceladus/Sausage debris (radial, -x) 250.000000        372.666155            27.920128             159.414571         300.246506         0.800525         0.800257         0.801263
                  Retrograde shards (Rg-type) 280.000000        545.523998           169.981665             268.602497         643.377365         0.994594         0.992230         0.999051
                                Helmi streams 291.547595        292.344611           -38.091351              11.219065         184.768632         0.990000         0.990000         0.990000
Hypothetical bound retrograde stream at v_esc 544.000000        809.106350           386.604256             419.477867        1415.302509         3.794109        52.132611       603.151418
[  85.7s] Part 4: ceiling and tail enhancement
 v_lab_kms   f_s  eta_ratio_600  eta_ratio_700  eta_ratio_750  eta_ratio_780  eta_ratio_800  eta_ratio_805
     700.0 0.001       1.017443       1.062700       1.002664       0.999090       0.999008       0.999009
     700.0 0.010       1.174430       1.626997       1.026643       0.990901       0.990083       0.990091
     700.0 0.050       1.872148       4.134986       1.133217       0.954504       0.950415       0.950455
     750.0 0.001       1.016213       1.117168       1.274381       1.176338       1.166716       1.332011
     750.0 0.010       1.162134       2.171678       3.743812       2.763382       2.667162       4.320109
     750.0 0.050       1.810671       6.858390      14.719059       9.816910       9.335808      17.600545
     780.0 0.001       1.015551       1.113329       1.493199       2.275191       5.119290      12.352034
     780.0 0.010       1.155514       2.133292       5.931995      13.751910      42.192904     114.520336
     780.0 0.050       1.777569       6.666461      25.659975      64.759550     206.964522     568.601678
     800.0 0.001       1.015138       1.110474       1.512133       3.092747      13.659416      43.043605
     800.0 0.010       1.151376       2.104745       6.121334      21.927474     127.594165     421.436054
     800.0 0.050       1.756880       6.523725      26.606671     105.637368     633.970825    2103.180268
     810.0 0.001       1.014938       1.109098       1.508277       3.292647      18.291252      62.952633
     810.0 0.010       1.149384       2.090983       6.082768      23.926473     173.912524     620.526334
     810.0 0.050       1.746918       6.454915      26.413838     115.632366     865.562618    3098.631669
 v_lab_kms  delta_keV     N_SHM  N_stream_pure  boost_f0.001  boost_f0.01  boost_f0.05  f_s_for_one_event
     750.0      350.0 27.513702    5224.559876      1.188889     2.888894    10.444469                NaN
     750.0      365.0  3.318111     643.378571      1.192899     2.928991    10.644954                NaN
     750.0      370.0  1.461901     302.483754      1.205911     3.059113    11.295565                NaN
     750.0      380.0  0.313132      62.807946      1.199580     2.995800    10.978998           0.010991
     750.0      385.0  0.142164      27.417421      1.191857     2.918575    10.592873           0.031451
     780.0      350.0 27.513702   45396.602164      2.648963    17.489634    83.448171                NaN
     780.0      365.0  3.318111   10991.018782      4.311433    34.114330   166.571648                NaN
     780.0      370.0  1.461901    6241.739870      5.268606    43.686061   214.430304                NaN
     780.0      380.0  0.313132    1820.499886      6.812847    59.128474   291.642368           0.000377
     780.0      385.0  0.142164     947.529030      7.664034    67.640340   334.201702           0.000905
     800.0      350.0 27.513702  107345.368680      4.900524    40.005240   196.026198                NaN
     800.0      365.0  3.318111   40061.662832     13.072637   121.726371   604.631855                NaN
     800.0      370.0  1.461901   26315.440720     18.999841   180.998408   900.992040                NaN
     800.0      380.0  0.313132   10017.440153     32.990141   320.901407  1600.507036           0.000069
     800.0      385.0  0.142164    5828.671094     41.998579   410.985789  2050.928947           0.000147
     810.0      350.0 27.513702  144004.169568      6.232907    53.329074   262.645369                NaN
     810.0      365.0  3.318111   64786.285156     20.524053   196.240532   977.202658                NaN
     810.0      370.0  1.461901   45607.903335     32.196677   312.966765  1560.833826                NaN
     810.0      380.0  0.313132   19964.783354     64.757424   638.574237  3188.871185           0.000034
     810.0      385.0  0.142164   12393.785498     88.178389   872.783894  4359.919469           0.000069
[  85.7s]   bound ceiling: v_lab <= 810.0 km/s -> delta_max = 387.3 keV; delta = 400/450 need v_lab = 825/886 km/s (v_gal = 559/620 anti-aligned)
[  85.7s] Part 4b: dispersion sensitivity and truncated bound streams
 sigma_kms  v_lab_kms  N_stream_d380  fs_one_event_d380  N_stream_d400  fs_one_event_d400  N_stream_d450  fs_one_event_d450
       5.0      725.0   0.000000e+00                NaN   0.000000e+00                NaN   0.000000e+00                NaN
       5.0      750.0   5.138925e-09                NaN   0.000000e+00                NaN   0.000000e+00                NaN
       5.0      775.0   1.527901e+01           0.045896   1.686410e-07                NaN   0.000000e+00                NaN
       5.0      800.0   2.081357e+03           0.000330   3.637610e+01           0.027453   0.000000e+00                NaN
       5.0      825.0   3.007636e+04           0.000023   2.036435e+03           0.000490   3.265889e-10       3.061954e+09
       5.0      850.0   1.132075e+05           0.000006   2.276909e+04           0.000044   1.761185e+00       5.677996e-01
       5.0      900.0   2.509270e+05           0.000003   1.695074e+05           0.000006   4.188312e+03       2.387597e-04
       5.0     1000.0   2.730939e+05           0.000003   2.546348e+05           0.000004   1.925324e+05       5.193931e-06
      10.0      725.0   8.538960e-07                NaN   9.569556e-14                NaN   0.000000e+00                NaN
      10.0      750.0   1.653180e-01                NaN   3.388006e-06                NaN   0.000000e+00                NaN
      10.0      775.0   1.397384e+02           0.004926   3.507080e-01           2.858785   4.093691e-16       2.442783e+15
      10.0      800.0   3.248359e+03           0.000211   1.828892e+02           0.005460   8.050464e-08       1.242164e+07
      10.0      825.0   3.393631e+04           0.000020   2.826047e+03           0.000353   2.540269e-02       3.936591e+01
      10.0      850.0   1.134603e+05           0.000006   2.613378e+04           0.000038   4.212245e+01       2.374031e-02
      10.0      900.0   2.489498e+05           0.000003   1.684254e+05           0.000006   5.757956e+03       1.736727e-04
      10.0     1000.0   2.748057e+05           0.000002   2.548728e+05           0.000004   1.915501e+05       5.220566e-06
      20.0      725.0   1.430101e+00           0.614939   1.435068e-02          77.097502   1.076384e-09       9.290367e+08
      20.0      750.0   6.280795e+01           0.010991   1.829993e+00           0.546104   3.353825e-06       2.981670e+05
      20.0      775.0   1.113201e+03           0.000617   6.681567e+01           0.014946   2.448998e-03       4.083302e+02
      20.0      800.0   1.001744e+04           0.000069   9.732093e+02           0.001026   4.358559e-01       2.294336e+00
      20.0      825.0   4.591704e+04           0.000015   7.945306e+03           0.000126   2.031434e+01       4.922632e-02
      20.0      850.0   1.154127e+05           0.000006   3.652950e+04           0.000027   2.962271e+02       3.375788e-03
      20.0      900.0   2.415991e+05           0.000003   1.647870e+05           0.000006   1.103143e+04       9.065005e-05
      20.0     1000.0   2.815183e+05           0.000002   2.558076e+05           0.000004   1.878090e+05       5.324558e-06
      40.0      725.0   7.381917e+02           0.000931   9.904067e+01           0.010083   3.397885e-01       2.943008e+00
      40.0      750.0   3.441043e+03           0.000200   6.003230e+02           0.001663   3.581131e+00       2.792414e-01
      40.0      775.0   1.217869e+04           0.000056   2.778185e+03           0.000359   2.859119e+01       3.497580e-02
      40.0      800.0   3.319434e+04           0.000021   9.882321e+03           0.000101   1.775070e+02       5.633582e-03
      40.0      825.0   7.110421e+04           0.000010   2.732750e+04           0.000037   8.723855e+02       1.146282e-03
      40.0      850.0   1.229376e+05           0.000006   5.980238e+04           0.000017   3.418808e+03       2.924996e-04
      40.0      900.0   2.212080e+05           0.000003   1.574453e+05           0.000006   2.695562e+04       3.709801e-05
      40.0     1000.0   3.015917e+05           0.000002   2.565086e+05           0.000004   1.750617e+05       5.712271e-06
                                                      0             1             2
v_gal_kms                                  5.000000e+02  5.300000e+02  5.440000e+02
v_lab_june16                               7.659774e+02  7.959774e+02  8.099774e+02
numeric_vs_analytic_eta0                   1.000000e+00  1.000000e+00  1.000000e+00
numeric_vs_analytic_max_abs_deta_diff_rel  5.204284e-07  5.204284e-07  5.204284e-07
fraction_of_stream_beyond_vesc             1.532243e-02  2.537468e-01  5.146670e-01
v_max_truncated                            8.100000e+02  8.100000e+02  8.100000e+02
N_untrunc_pure_d350                        1.905851e+04  9.316574e+04  1.439208e+05
N_trunc_pure_d350                          1.663509e+04  5.956940e+04  7.888214e+04
boost_trunc_f0.01_d350                     7.036110e+00  2.264081e+01  2.966013e+01
N_untrunc_pure_d365                        3.338353e+03  3.204735e+04  6.472316e+04
N_trunc_pure_d365                          2.231944e+03  1.102009e+04  1.625206e+04
boost_trunc_f0.01_d365                     7.716552e+00  3.420195e+01  4.996985e+01
N_untrunc_pure_d380                        4.288700e+02  7.358657e+03  1.993612e+04
N_trunc_pure_d380                          2.107780e+02  1.078089e+03  1.564483e+03
boost_trunc_f0.01_d380                     7.721288e+00  3.541925e+01  5.095245e+01
N_untrunc_pure_d385                        2.078434e+02  4.177572e+03  1.237413e+04
N_trunc_pure_d385                          1.004799e+02  5.957334e+02  8.993381e+02
boost_trunc_f0.01_d385                     8.057876e+00  4.289461e+01  6.425053e+01
N_untrunc_pure_d390                        9.890290e+01  2.302853e+03  7.389464e+03
N_trunc_pure_d390                          4.220010e+01  2.967045e+02  4.748243e+02
boost_trunc_f0.01_d390                     8.943371e+00  5.690931e+01  9.047921e+01
N_untrunc_pure_d400                        2.072867e+01  6.610086e+02  2.395730e+03
N_trunc_pure_d400                          2.165464e+00  2.080835e+01  3.757683e+01
boost_trunc_f0.01_d400                     1.647721e+01  1.498095e+02  2.697361e+02
[  86.3s] done
