Part A: exothermic kinematics (A = 131.29)
 m_GeV  delta_keV  E_star_keV  halfwidth_v250_keV  E_minus_v250  E_plus_v250  E_minus_vmax810  E_plus_vmax810  lz_E_R_range_minus  lz_E_R_range_plus  vmin_248keV_kms  lz_vmin_248_raw
   400        250       191.4                 147         94.38        388.3            26.09            1404               26.09               1404             89.9             89.9
   400        300       229.7               159.4         120.2          439            35.87            1471               35.87               1471            29.06            29.06
   400        350         268                 171         146.9        488.9            46.73            1537               46.73               1537            31.78           -31.78
   400        366       280.3               174.5         155.6        504.7            50.42            1558               50.42               1558            51.25           -51.25
   400        380         291               177.6         163.3        518.4            53.72            1576               53.72               1576            68.29           -68.29
  1000        250       222.7               186.2         104.1        476.5            27.01            1837               27.01               1837             34.5             34.5
  1000        300       267.3               201.7         133.2        536.5            37.29            1916               37.29               1916            26.34           -26.34
  1000        350       311.8               216.1         163.3        595.5            48.78            1993               48.78               1993            87.18           -87.18
  1000        366       326.1               220.5         173.1        614.2             52.7            2018                52.7               2018            106.6           -106.6
  1000        380       338.6               224.3         181.8        630.4            56.21            2039               56.21               2039            123.7           -123.7
  4000        250       242.6               212.8         109.9        535.5             27.5            2140                27.5               2140            6.799            6.799
  4000        300       291.1               230.4         140.9        601.6            38.06            2226               38.06               2226            54.04           -54.04
  4000        350       339.6               246.7         173.1        666.4            49.89            2312               49.89               2312            114.9           -114.9
  4000        366       355.1               251.7         183.6        686.9            53.93            2339               53.93               2339            134.3           -134.3
  4000        380       368.7                 256         192.9        704.8            57.55            2362               57.55               2362            151.4           -151.4
  check lz.E_R_range_keV(delta<0) vs own formula: max rel dev = 0.0 0.0
  lz.vmin_kms(248, 1000, delta=-300) = -26.34097574881646 (negative: the library lacks abs(); physical v_min is |.|)
  |delta| giving E* = 248 keV:
 m_GeV  delta_for_Estar_248_keV  halfwidth_v250_keV  E_star_at_delta300  E_star_at_delta366
   200                    399.8               131.6               186.1               227.1
   400                    323.9                 165               229.7               280.3
  1000                    278.4               195.1               267.3               326.1
  2000                    263.2               207.8               282.7               344.9
  4000                    255.6               214.9               291.1               355.1
   inf                      248               222.4                 300                 366
building halos (24 days + June 16 + Dec 16 + Sun frame) ...
Part B: WimPyDD negative-delta check at E = 200 keV, 1000 GeV, delta = -300 keV
  first non-zero stream v = 100.0 km/s; per-isotope v_min(200 keV) from own formula: [99.5, 100.7, 102.0, 102.6, 103.3, 103.9, 104.6, 105.9, 107.3] km/s
  distinct partial-sum levels K/K_max: [0.0681, 0.1682, 0.4094, 0.6382, 0.6774, 0.981, 1.0]  (one per isotope threshold)
computing kernels ...
  iso 1000 GeV delta=250: done, t = 0 s
  iso 1000 GeV delta=278: done, t = 0 s
  iso 1000 GeV delta=300: done, t = 0 s
  iso 1000 GeV delta=350: done, t = 0 s
  iso 1000 GeV delta=366: done, t = 0 s
  iso 1000 GeV delta=380: done, t = 0 s
  p 1000 GeV delta=250: done, t = 0 s
  p 1000 GeV delta=278: done, t = 0 s
  p 1000 GeV delta=300: done, t = 0 s
  p 1000 GeV delta=350: done, t = 0 s
  p 1000 GeV delta=366: done, t = 0 s
  p 1000 GeV delta=380: done, t = 0 s
  hig 1000 GeV delta=300: done, t = 0 s
  hig 1000 GeV delta=350: done, t = 0 s
  hig 1000 GeV delta=366: done, t = 0 s
  hig 1000 GeV delta=380: done, t = 0 s
  iso 400 GeV delta=300: done, t = 0 s
  iso 400 GeV delta=350: done, t = 0 s
  iso 400 GeV delta=380: done, t = 0 s
  iso 4000 GeV delta=300: done, t = 0 s
  iso 4000 GeV delta=350: done, t = 0 s
  iso 4000 GeV delta=380: done, t = 0 s
Part C: high-energy region: 600 phd edge E50 = 271.6 keV; 1000 phd -> 423.2; 1700 phd -> 670 keV (sigma 23)
Part C: exothermic spectra (annual halo): peak, 16/50/84 percentiles [keV], fractions <270 / 270-670 / >670
tag  m_GeV  delta_keV  Eexo_peak_keV  Eexo_p16  Eexo_p50  Eexo_p84  frac_exo_below_270  frac_exo_270_670  frac_exo_above_670
iso  1e+03        250             56      51.5      76.9       178                0.96            0.0392             0.00071
iso  1e+03        278             61      61.4       142       195               0.934            0.0652             0.00131
iso  1e+03        300            158      72.9       156       206               0.908            0.0896             0.00195
iso  1e+03        350            164       138       173       244               0.845             0.151             0.00397
iso  1e+03        366            166       142       177       310               0.823             0.172             0.00483
iso  1e+03        380            166       145       180       327               0.802             0.193              0.0057
  p  1e+03        250           58.5      52.7      77.8       188               0.968            0.0311            0.000945
  p  1e+03        278           63.5      62.4       147       205               0.947            0.0516             0.00173
  p  1e+03        300            168        73       164       216               0.926            0.0712             0.00259
  p  1e+03        350            174       144       183       240               0.874             0.121              0.0053
  p  1e+03        366            176       149       187       252               0.855             0.138             0.00643
  p  1e+03        380            178       153       190       276               0.838             0.154             0.00758
hig  1e+03        300            148      76.7       152       211               0.864             0.134             0.00209
hig  1e+03        350            154       133       168       315               0.778             0.218             0.00419
hig  1e+03        366            156       137       172       326               0.747             0.247              0.0051
hig  1e+03        380            156       140       176       335               0.719             0.275             0.00602
iso    400        300             66      67.7       150       197               0.935             0.064            0.000684
iso    400        350            161       132       168       218               0.884             0.114             0.00154
iso    400        380            166       142       175       240               0.849             0.149              0.0023
iso  4e+03        300            158      76.3       159       211               0.893             0.104             0.00301
iso  4e+03        350            164       140       176       310               0.824              0.17              0.0059
iso  4e+03        380            168       147       183       341               0.776             0.216             0.00834
Part C: counts per unit coupling (annual): endothermic ROI vs exothermic regions; ratios R = Nexo/Nendo_roi
tag  m_GeV  delta_keV  Nendo_roi  Nexo_roi  Nexo_lo  Nexo_gap  Nexo_hi  Nexo_he1000  Nexo_he1700  Nexo_all    R_roi     R_lo    R_gap     R_hi  R_he1000  R_he1700
iso  1e+03        250   1.05e+05  2.67e+07 5.99e+06  8.95e+06 1.32e+06     9.34e+05     1.08e+06   2.9e+07      256     57.3     85.6     12.6      8.93      10.3
iso  1e+03        278   3.56e+04  1.68e+07 1.64e+06  8.14e+06  1.3e+06     9.96e+05     1.16e+06  1.87e+07      471     46.2      229     36.5        28      32.6
iso  1e+03        300   1.36e+04  1.24e+07 4.87e+05  7.37e+06 1.26e+06     1.04e+06     1.21e+06  1.42e+07      916     35.9      544     92.9      76.5      89.5
iso  1e+03        350        265  7.35e+06 5.62e+03  5.43e+06 1.12e+06      1.1e+06      1.3e+06  9.06e+06 2.78e+04     21.2 2.05e+04 4.22e+03  4.15e+03  4.92e+03
iso  1e+03        366       21.7  6.35e+06      234   4.8e+06 1.06e+06     1.11e+06     1.32e+06  8.04e+06 2.93e+05     10.8 2.21e+05 4.88e+04  5.12e+04  6.09e+04
iso  1e+03        380      0.689  5.59e+06     1.05  4.26e+06    1e+06     1.12e+06     1.33e+06  7.26e+06 8.11e+06     1.52 6.18e+06 1.45e+06  1.62e+06  1.93e+06
  p  1e+03        250   2.47e+04   6.2e+06 1.24e+06  1.83e+06 5.41e+05     1.41e+05     2.01e+05  6.68e+06      251     50.3       74     21.9      5.68      8.13
  p  1e+03        278   8.53e+03  3.96e+06 3.46e+05  1.68e+06 5.33e+05     1.51e+05     2.18e+05  4.36e+06      464     40.5      197     62.5      17.7      25.5
  p  1e+03        300   3.45e+03  2.96e+06 1.03e+05  1.53e+06  5.2e+05     1.58e+05      2.3e+05  3.33e+06      859       30      445      151      45.7      66.6
  p  1e+03        350       99.2   1.8e+06 1.22e+03  1.15e+06 4.66e+05     1.69e+05     2.51e+05  2.15e+06 1.81e+04     12.3 1.16e+04  4.7e+03   1.7e+03  2.53e+03
  p  1e+03        366         11  1.57e+06     51.7  1.02e+06 4.43e+05     1.71e+05     2.57e+05  1.92e+06 1.43e+05      4.7 9.31e+04 4.03e+04  1.56e+04  2.33e+04
  p  1e+03        380      0.531   1.4e+06    0.236  9.16e+05 4.21e+05     1.73e+05      2.6e+05  1.75e+06 2.64e+06    0.445 1.73e+06 7.93e+05  3.26e+05  4.91e+05
hig  1e+03        300        798  7.69e+05  3.1e+04   4.9e+05 4.03e+04     1.06e+05     1.17e+05  9.26e+05      963     38.8      614     50.5       133       146
hig  1e+03        350       11.4  4.51e+05      349  3.53e+05 3.57e+04     1.11e+05     1.24e+05  6.02e+05 3.95e+04     30.5 3.09e+04 3.13e+03  9.72e+03  1.08e+04
hig  1e+03        366       1.01  3.86e+05     14.3   3.1e+05 3.38e+04     1.12e+05     1.25e+05  5.36e+05 3.82e+05     14.2 3.07e+05 3.34e+04   1.1e+05  1.24e+05
hig  1e+03        380      0.103  3.36e+05   0.0631  2.73e+05  3.2e+04     1.12e+05     1.25e+05  4.85e+05 3.25e+06    0.612 2.65e+06  3.1e+05  1.08e+06  1.21e+06
iso    400        300   4.01e+03  3.76e+07 2.05e+06  2.08e+07 3.28e+06     2.24e+06     2.55e+06  4.18e+07 9.36e+03      511 5.19e+03      818       557       635
iso    400        350    0.00028  2.26e+07 4.83e+04  1.64e+07 3.09e+06     2.51e+06      2.9e+06  2.66e+07 8.08e+10 1.73e+08 5.87e+10  1.1e+10  8.99e+09  1.04e+10
iso    400        380          0  1.76e+07      209  1.35e+07 2.87e+06     2.64e+06     3.07e+06  2.17e+07      inf      inf      inf      inf       inf       inf
iso  4e+03        300   6.77e+03  2.79e+06 9.17e+04  1.71e+06 3.03e+05     2.71e+05     3.21e+05  3.26e+06      413     13.5      252     44.8        40      47.4
iso  4e+03        350        392  1.64e+06      637  1.21e+06 2.61e+05      2.8e+05     3.35e+05  2.07e+06 4.17e+03     1.62 3.09e+03      666       714       855
iso  4e+03        380       14.1  1.22e+06        0   9.3e+05 2.29e+05      2.8e+05     3.38e+05  1.64e+06 8.65e+04        0 6.58e+04 1.62e+04  1.98e+04  2.39e+04
  P011 cross-check delta=250: Nexo_ROI/unit 6.201e+06 vs P011 6.2e+06; Nendo_ROI/unit 2.474e+04 vs P011 N_p 2.473e+04
  P011 cross-check delta=300: Nexo_ROI/unit 2.96e+06 vs P011 2.96e+06; Nendo_ROI/unit 3445 vs P011 N_p 3449
  P011 cross-check delta=350: Nexo_ROI/unit 1.8e+06 vs P011 1.8e+06; Nendo_ROI/unit 99.21 vs P011 N_p 99.28
  P011 cross-check delta=365: Nexo_ROI/unit 1.575e+06 vs P011 1.587e+06; Nendo_ROI/unit 11 vs P011 N_p 12.96
  P011 cross-check delta=380: Nexo_ROI/unit 1.403e+06 vs P011 1.403e+06; Nendo_ROI/unit 0.5306 vs P011 N_p 0.5298
Part D: per-region 90 % CLs upper limits on extra events: {'lomid': 6.609, 'gap': 2.303, 'hi': 3.889, 'he1700': 2.303, 'he1000': 2.303, 'hi_extra': 3.272}
Part D: 90 % upper limits on f2 (annual halo, mu_endo = 1 for the simple limits; joint profile likelihood)
tag  m_GeV  delta_keV  f2_UL_lomid  f2_UL_lo_Nmax3  f2_UL_gap  f2_UL_hi  f2_UL_he1000  f2_UL_he1700  f2_UL_P011style_roi  f2_UL_joint  f2_UL_joint_mu0p3  f2_UL_joint_mu2p4  f2_UL_joint_he1000  f2_UL_joint_noLE  f2_UL_joint_ROIonly  kappa_hat_f2_0  q_f2_1_profiled  kappa_hat_f2_1  f2_UL_profiled  tau_min_s_higgsino  tau_min_s_darkphoton  tau_min_s_darkphoton_mu0p3  tau_min_s_darkphoton_mu2p4
iso  1e+03        250       0.0485          0.0524     0.0269     0.259         0.258         0.223              0.00391        0.016              0.072            0.00504              0.0162              0.15               0.0176        1.01e-05            0.653        6.35e-08             NaN            1.33e+17              1.26e+17                    2.25e+17                    9.47e+16
iso  1e+03        278       0.0371          0.0649     0.0101    0.0897        0.0822        0.0706              0.00212      0.00658             0.0305             0.0021             0.00671            0.0486              0.00752         2.6e-05            0.578        7.98e-08             NaN            1.05e+17              1.01e+17                    1.56e+17                    7.96e+16
iso  1e+03        300       0.0274          0.0835    0.00423    0.0352        0.0301        0.0257              0.00109      0.00279             0.0132           0.000902             0.00285             0.018              0.00328         6.4e-05            0.663        9.22e-08             NaN            8.68e+16              8.39e+16                     1.2e+17                    6.89e+16
iso  1e+03        350      0.00251           0.141   0.000112  0.000775      0.000555      0.000468              3.6e-05      5.7e-05           0.000277           2.07e-05            5.88e-05          0.000276             7.09e-05         0.00178             1.15        1.24e-07             NaN            4.89e+16               4.8e+16                    5.81e+16                    4.31e+16
iso  1e+03        366     0.000336           0.278   1.04e-05   6.7e-05      4.49e-05      3.78e-05             3.41e-06     4.79e-06           2.18e-05            1.8e-06            4.95e-06          1.95e-05             6.05e-06         0.00846           0.0115        1.36e-07             NaN            3.83e+16              3.77e+16                    4.34e+16                    3.48e+16
iso  1e+03        380     1.63e-05            1.97   3.73e-07  2.25e-06      1.42e-06      1.19e-06             1.23e-07     1.67e-07           7.68e-07           6.29e-08            1.74e-07          6.25e-07             2.18e-07          0.0417            -3.68        1.49e-07           1e-09            2.96e+16              2.92e+16                    3.25e+16                    2.74e+16
  p  1e+03        250       0.0493          0.0596     0.0311      0.15         0.405         0.283              0.00399       0.0167             0.0749            0.00525              0.0171             0.113               0.0181        4.42e-05            0.661        2.79e-07             NaN            1.35e+17              1.28e+17                    2.29e+17                    9.56e+16
  p  1e+03        278       0.0374          0.0741     0.0117    0.0523          0.13        0.0902              0.00216      0.00691             0.0318             0.0022             0.00714            0.0372               0.0077        0.000111            0.579        3.47e-07             NaN            1.06e+17              1.02e+17                    1.58e+17                    8.03e+16
  p  1e+03        300        0.029             0.1    0.00518    0.0217        0.0503        0.0346              0.00116      0.00312             0.0146              0.001             0.00325            0.0147              0.00356        0.000264            0.631        3.97e-07             NaN            8.88e+16              8.58e+16                    1.23e+17                    7.01e+16
  p  1e+03        350      0.00416           0.243   0.000199  0.000696       0.00135      0.000909             5.51e-05     9.73e-05           0.000489           3.39e-05            0.000103          0.000363             0.000117         0.00687             1.24        5.22e-07             NaN             5.2e+16               5.1e+16                    6.28e+16                    4.54e+16
  p  1e+03        366     0.000798           0.638   2.47e-05  8.13e-05      0.000148      9.88e-05             6.99e-06     1.11e-05           5.44e-05           3.98e-06            1.18e-05          3.67e-05             1.35e-05          0.0384            0.783         5.7e-07             NaN            4.13e+16              4.06e+16                    4.77e+16                    3.71e+16
  p  1e+03        380     6.28e-05            6.74   1.33e-06  4.13e-06      7.07e-06      4.69e-06             3.78e-07     5.69e-07           2.77e-06           2.07e-07             6.1e-07          1.74e-06             7.08e-07           0.243            -1.44        6.19e-07             NaN            3.22e+16              3.18e+16                     3.6e+16                    2.96e+16
hig  1e+03        300       0.0258          0.0772    0.00375    0.0648        0.0173        0.0157              0.00104      0.00242             0.0117           0.000794             0.00247            0.0165              0.00309        0.000999            0.698         1.4e-06             NaN            8.45e+16              8.17e+16                    1.16e+17                    6.76e+16
hig  1e+03        350      0.00146          0.0983   7.44e-05   0.00105      0.000237      0.000213             2.53e-05     3.46e-05           0.000156           1.31e-05            3.56e-05          0.000155             4.74e-05          0.0246            0.966        1.88e-06             NaN            4.63e+16              4.55e+16                     5.4e+16                    4.13e+16
hig  1e+03        366     0.000195           0.211    7.5e-06  9.78e-05      2.09e-05      1.86e-05             2.62e-06     3.19e-06           1.33e-05           1.25e-06            3.29e-06          1.17e-05             4.48e-06          0.0959           -0.288        2.07e-06             NaN            3.69e+16              3.64e+16                    4.13e+16                    3.38e+16
hig  1e+03        380     2.81e-05             4.9   8.69e-07  1.06e-05      2.13e-06       1.9e-06             3.07e-07     3.61e-07           1.54e-06            1.4e-07            3.74e-07          1.22e-06              5.3e-07           0.435            -2.01        2.27e-06             NaN            3.12e+16              3.08e+16                    3.43e+16                    2.89e+16
iso    400        300      0.00228         0.00587   0.000444     0.004       0.00413       0.00362             0.000107     0.000279            0.00136           9.26e-05            0.000283           0.00225             0.000314        0.000233             1.17        3.31e-08             NaN            5.95e+16              5.81e+16                    7.38e+16                    5.07e+16
iso    400        350     6.91e-10        1.74e-08   3.92e-11  2.96e-10      2.56e-10      2.22e-10             1.24e-11        1e-10           1.03e-10              1e-10               1e-10          1.27e-10                1e-10        1.36e+03            0.644         4.3e-08             NaN            1.97e+16              1.95e+16                    1.95e+16                    1.95e+16
iso  4e+03        300       0.0661           0.222    0.00913     0.073        0.0575        0.0486              0.00242      0.00604             0.0284            0.00194             0.00621            0.0354              0.00727        0.000125            0.527        3.93e-07             NaN            1.03e+17              9.86e+16                    1.52e+17                    7.85e+16
iso  4e+03        350       0.0187            1.85   0.000744   0.00491       0.00323       0.00269              0.00024     0.000394            0.00198           0.000138             0.00041            0.0018              0.00051          0.0014            0.865        5.38e-07             NaN            6.25e+16               6.1e+16                    7.87e+16                    5.31e+16
iso  4e+03        380      0.00171             inf    3.5e-05  0.000202      0.000116      9.63e-05             1.16e-05     1.52e-05           6.99e-05            5.7e-06            1.59e-05          5.18e-05             2.05e-05         0.00981           -0.643        6.59e-07             NaN            4.26e+16              4.19e+16                    4.91e+16                    3.83e+16
Part D: expected exothermic counts in 2.84 t yr for f2 = 1e-3, 1e-2, 0.1, 0.42 (mu_endo = 1)
tag  delta_keV    f2   N_5_55  N_55_125  N_125_200  N_200_270  N_600_1000phd  N_600_1700phd  N_above_670keV_noeff
iso        300 0.001   0.0359     0.242      0.544     0.0929         0.0765         0.0895               0.00222
iso        300  0.01    0.359      2.42       5.44      0.929          0.765          0.895                0.0222
iso        300   0.1     3.59      24.2       54.4       9.29           7.65           8.95                 0.222
iso        300  0.42     15.1       102        228         39           32.1           37.6                 0.934
iso        350 0.001   0.0212      3.01       20.5       4.22           4.15           4.92                 0.145
iso        350  0.01    0.212      30.1        205       42.2           41.5           49.2                  1.45
iso        350   0.1     2.12       301   2.05e+03        422            415            492                  14.5
iso        350  0.42     8.91  1.27e+03    8.6e+03   1.77e+03       1.74e+03       2.06e+03                  60.7
iso        366 0.001   0.0108      22.7        221       48.8           51.2           60.9                   1.9
iso        366  0.01    0.108       227   2.21e+03        488            512            609                    19
iso        366   0.1     1.08  2.27e+03   2.21e+04   4.88e+03       5.12e+03       6.09e+03                   190
iso        366  0.42     4.54  9.54e+03   9.29e+04   2.05e+04       2.15e+04       2.56e+04                   797
iso        380 0.001  0.00152       469   6.18e+03   1.45e+03       1.62e+03       1.93e+03                  63.3
iso        380  0.01   0.0152  4.69e+03   6.18e+04   1.45e+04       1.62e+04       1.93e+04                   633
iso        380   0.1    0.152  4.69e+04   6.18e+05   1.45e+05       1.62e+05       1.93e+05              6.33e+03
iso        380  0.42     0.64  1.97e+05    2.6e+06   6.11e+05        6.8e+05       8.12e+05              2.66e+04
  p        300 0.001     0.03     0.233      0.445      0.151         0.0457         0.0666                0.0031
  p        300  0.01      0.3      2.33       4.45       1.51          0.457          0.666                 0.031
  p        300   0.1        3      23.3       44.5       15.1           4.57           6.66                  0.31
  p        300  0.42     12.6      97.9        187       63.4           19.2             28                   1.3
  p        350 0.001   0.0123      1.82       11.6        4.7            1.7           2.53                 0.134
  p        350  0.01    0.123      18.2        116         47             17           25.3                  1.34
  p        350   0.1     1.23       182   1.16e+03        470            170            253                  13.4
  p        350  0.42     5.18       765   4.87e+03   1.97e+03            716       1.06e+03                  56.4
  p        366 0.001   0.0047      9.56       93.1       40.3           15.6           23.3                  1.29
  p        366  0.01    0.047      95.6        931        403            156            233                  12.9
  p        366   0.1     0.47       956   9.31e+03   4.03e+03       1.56e+03       2.33e+03                   129
  p        366  0.42     1.97  4.02e+03   3.91e+04   1.69e+04       6.54e+03       9.79e+03                   543
  p        380 0.001 0.000445       122   1.73e+03        793            326            491                  28.4
  p        380  0.01  0.00445  1.22e+03   1.73e+04   7.93e+03       3.26e+03       4.91e+03                   284
  p        380   0.1   0.0445  1.22e+04   1.73e+05   7.93e+04       3.26e+04       4.91e+04              2.84e+03
  p        380  0.42    0.187  5.11e+04   7.25e+05   3.33e+05       1.37e+05       2.06e+05              1.19e+04
hig        300 0.001   0.0388     0.257      0.614     0.0505          0.133          0.146                0.0033
hig        300  0.01    0.388      2.57       6.14      0.505           1.33           1.46                 0.033
hig        300   0.1     3.88      25.7       61.4       5.05           13.3           14.6                  0.33
hig        300  0.42     16.3       108        258       21.2           55.9           61.5                  1.39
hig        350 0.001   0.0305      5.18       30.9       3.13           9.72           10.8                 0.283
hig        350  0.01    0.305      51.8        309       31.3           97.2            108                  2.83
hig        350   0.1     3.05       518   3.09e+03        313            972       1.08e+03                  28.3
hig        350  0.42     12.8  2.18e+03    1.3e+04   1.31e+03       4.08e+03       4.55e+03                   119
hig        366 0.001   0.0142      39.2        307       33.4            110            124                   3.4
hig        366  0.01    0.142       392   3.07e+03        334        1.1e+03       1.24e+03                    34
hig        366   0.1     1.42  3.92e+03   3.07e+04   3.34e+03        1.1e+04       1.24e+04                   340
hig        366  0.42     5.96  1.65e+04   1.29e+05    1.4e+04       4.64e+04       5.19e+04              1.43e+03
hig        380 0.001 0.000612       272   2.65e+03        310       1.08e+03       1.21e+03                  35.1
hig        380  0.01  0.00612  2.72e+03   2.65e+04    3.1e+03       1.08e+04       1.21e+04                   351
hig        380   0.1   0.0612  2.72e+04   2.65e+05    3.1e+04       1.08e+05       1.21e+05              3.51e+03
hig        380  0.42    0.257  1.14e+05   1.11e+06    1.3e+05       4.54e+05        5.1e+05              1.47e+04
Part D: dark photon (1 TeV, proton-only): sigma_p(N=1), tau_min, tau(m_A=1 GeV), m_A floor, eps floor (alpha_D = 0.1)
 delta_keV  sigma_p_N1_cm2  f2_UL_joint  tau_min_s  tau_at_mA_1GeV_s  mA_min_GeV  eps_min_alphaD_0p1  tau_min_s_P011style
       250         1.2e-42       0.0167   1.28e+17          4.97e+19        4.44            6.08e-06             7.88e+16
       278        3.47e-42      0.00691   1.02e+17          1.01e+19        3.15            5.24e-06             7.09e+16
       300         8.6e-42      0.00312   8.58e+16          2.78e+18        2.39            4.71e-06             6.45e+16
       350        2.99e-40     9.73e-05    5.1e+16           3.7e+16       0.923            4.16e-06             4.44e+16
       366        2.69e-39     1.11e-05   4.06e+16          3.29e+15       0.533            4.17e-06             3.67e+16
       380        5.59e-38     5.69e-07   3.18e+16          1.31e+14       0.253            4.29e-06             2.94e+16
Part E: the event as an exothermic down-scatter (1000 GeV, annual halo)
tag  delta_keV  E_star_keV  pct248_true  pct248_obs  obs_p16  obs_p50  obs_p84  frac_ROI_events_in_200_270  gap_per_hi_event  lomid_per_hi_event  he1700_per_hi_event  Z4bin_exo_origin  mu_hi_exo_origin  Z4bin_endo_origin  mu_hi_endo_origin  companions_lo_per_ROI_event  companions_5to125_per_ROI_event  he1700_per_ROI_event  he1000_per_ROI_event  P0_he1700  kappa_for_1_exo_event_f2_0p5  sigma_p_equiv_cm2  endo_events_at_that_coupling  kappa_endo_N1
iso        250         223        0.999       0.998       50     74.8      170                      0.0493              6.78                12.5                 0.82              2.83            0.0843               2.95              0.118                        0.224                            0.616                0.0405                0.0349       0.96                      7.48e-08                NaN                       0.00391       9.56e-06
iso        278         248        0.998       0.997     59.6      135      183                      0.0774              6.27                5.64                0.894               2.9             0.104                  3              0.139                       0.0981                            0.437                0.0692                0.0595      0.933                      1.19e-07                NaN                       0.00212       2.81e-05
iso        300         267        0.997       0.996     70.5      150      190                       0.102              5.85                2.99                0.963              2.94             0.116               3.05              0.163                       0.0392                            0.304                0.0978                0.0836      0.907                      1.61e-07                NaN                       0.00109       7.38e-05
iso        350         312        0.996       0.993      132      165      200                       0.152              4.85               0.719                 1.16                 3             0.138               3.19              0.247                     0.000764                            0.109                 0.177                  0.15      0.838                      2.72e-07                NaN                       3.6e-05        0.00378
iso        366         326        0.995       0.992      136      168      202                       0.167              4.53               0.465                 1.25              3.01             0.145               3.02              0.145                     3.69e-05                           0.0775                 0.208                 0.175      0.812                      3.15e-07                NaN                      3.41e-06         0.0461
iso        380         339        0.995       0.992      139      170      203                       0.179              4.25               0.323                 1.33              3.03              0.15               2.34             0.0228                     1.88e-07                           0.0578                 0.238                   0.2      0.788                      3.58e-07                NaN                      1.23e-07           1.45
  p        250         223        0.994       0.993     51.3     76.2      181                      0.0872              3.39                7.08                0.372              3.03             0.152               3.14              0.213                        0.201                            0.617                0.0324                0.0227      0.968                      3.23e-07           9.56e-45                       0.00399       4.04e-05
  p        278         248        0.991       0.988     60.7      140      195                       0.135              3.15                3.27                0.408               3.1             0.186               3.19              0.249                       0.0873                            0.441                 0.055                0.0381      0.946                      5.06e-07            1.5e-44                       0.00216       0.000117
  p        300         267        0.987       0.984     70.9      158      203                       0.176              2.95                1.74                0.442              3.13             0.207               3.23              0.284                       0.0349                            0.306                0.0776                0.0532      0.925                      6.76e-07              2e-44                       0.00116        0.00029
  p        350         312         0.98       0.976      138      176      214                       0.259              2.47                0.39                0.539              3.18             0.243               3.37              0.452                     0.000679                            0.101                  0.14                0.0939       0.87                      1.11e-06           3.29e-44                      5.51e-05         0.0101
  p        366         326        0.978       0.973      144      179      216                       0.281              2.31               0.238                0.579              3.19             0.253               3.31              0.374                     3.29e-05                           0.0669                 0.163                 0.109       0.85                      1.27e-06           3.77e-44                      6.99e-06         0.0909
  p        380         339        0.976       0.971      147      181      217                         0.3              2.18               0.153                0.619               3.2              0.26               2.97              0.126                     1.68e-07                            0.046                 0.186                 0.123      0.831                      1.43e-06           4.22e-44                      3.78e-07           1.88
hig        300         267        0.993       0.993     72.2      144      180                      0.0524              12.2                5.86                  2.9              2.69            0.0566               2.82             0.0807                       0.0403                            0.307                 0.152                 0.138      0.859                       2.6e-06                NaN                       0.00104        0.00125
hig        350         312        0.988       0.988      127      157      189                      0.0792               9.9                1.67                 3.46              2.75            0.0671               2.92               0.11                     0.000773                            0.132                 0.274                 0.246       0.76                      4.44e-06                NaN                      2.53e-05         0.0876
hig        366         326        0.986       0.987      130      159      191                      0.0875              9.18                1.17                 3.69              2.77              0.07               2.71             0.0605                     3.72e-05                            0.103                 0.323                 0.289      0.724                      5.18e-06                NaN                      2.62e-06           0.99
hig        380         339        0.984       0.985      133      161      192                      0.0952              8.56               0.878                 3.92              2.78            0.0724               2.39             0.0258                     1.88e-07                           0.0836                 0.373                 0.332      0.688                      5.96e-06                NaN                      3.07e-07           9.69
Part F: annual modulation (cosine amplitude a1 relative to the mean, phase fixed at 2 June; peak-to-peak (max-min)/(max+min); day of maximum)
tag  m_GeV  delta_keV  a1_exo_roi  peak_to_peak_exo_roi  day_max_exo_roi  a1_exo_he1700  peak_to_peak_exo_he1700  day_max_exo_he1700  a1_exo_all  peak_to_peak_exo_all  day_max_exo_all  a1_endo_roi  peak_to_peak_endo_roi  day_max_endo_roi
iso  1e+03        250      0.0527                0.0522              145        -0.0118                   0.0117                 327      0.0502                0.0497              145        0.282                  0.276               145
iso  1e+03        278      0.0415                0.0411              145        -0.0172                   0.0171                 327      0.0377                0.0374              145         0.32                  0.314               145
iso  1e+03        300       0.032                0.0318              145        -0.0208                   0.0206                 327      0.0274                0.0271              145        0.427                  0.415               145
iso  1e+03        350      0.0234                0.0232              145        -0.0265                   0.0263                 327      0.0159                0.0158              145         1.18                  0.929               145
iso  1e+03        366      0.0252                 0.025              145        -0.0277                   0.0274                 327      0.0161                 0.016              145         1.53                  0.996               145
iso  1e+03        380      0.0281                0.0279              145        -0.0284                   0.0281                 327      0.0173                0.0172              145         1.68                      1               145
  p  1e+03        250      0.0496                0.0492              145       -0.00615                   0.0061                 327      0.0479                0.0474              145        0.284                  0.279               145
  p  1e+03        278      0.0393                0.0389              145        -0.0121                    0.012                 327      0.0366                0.0363              145        0.314                  0.308               145
  p  1e+03        300      0.0297                0.0295              145        -0.0162                   0.0161                 327      0.0265                0.0262              145        0.405                  0.394               145
  p  1e+03        350      0.0182                0.0181              145        -0.0235                   0.0233                 327      0.0132                0.0131              145         1.09                  0.894               145
  p  1e+03        366      0.0188                0.0187              145        -0.0252                    0.025                 327      0.0128                0.0127              145         1.46                  0.993               145
  p  1e+03        380      0.0208                0.0207              145        -0.0264                   0.0262                 327      0.0136                0.0135              145          1.7                      1               145
hig  1e+03        300       0.032                0.0318              145        -0.0228                   0.0226                 327      0.0248                0.0246              145        0.451                  0.437               145
hig  1e+03        350      0.0275                0.0273              145        -0.0271                   0.0269                 327      0.0158                0.0157              145         1.19                  0.925               145
hig  1e+03        366      0.0306                0.0304              145        -0.0277                   0.0275                 327      0.0164                0.0163              145         1.36                  0.965               145
hig  1e+03        380      0.0346                0.0343              145        -0.0279                   0.0277                 327      0.0176                0.0175              145         1.52                      1               145
iso    400        300      0.0298                0.0296              145       -0.00815                  0.00808                 327      0.0275                0.0272              145        0.896                  0.793               145
iso    400        350      0.0155                0.0154              145        -0.0179                   0.0177                 327      0.0118                0.0117              145         1.96                      1               145
iso    400        380      0.0171                 0.017              145        -0.0222                    0.022                 327      0.0114                0.0113              145          NaN                    NaN               NaN
iso  4e+03        300      0.0341                0.0339              145        -0.0253                   0.0251                 327       0.028                0.0278              145        0.339                  0.332               145
iso  4e+03        350      0.0283                0.0281              145        -0.0289                   0.0286                 327      0.0186                0.0184              145        0.769                  0.698               145
iso  4e+03        380      0.0345                0.0343              145        -0.0294                   0.0291                 327      0.0206                0.0205              145         1.35                  0.973               145
done in 5 s
