astropy_version: 8.0.1
ephemeris: builtin
t_event_utc: 2023-06-16T21:22:39.000
t_event_jd_utc: 2460112.3907291666
t_event_jd_tdb: 2460112.3915299135
day_of_year_event: 167.89072916666666
UT1_minus_UTC_s: -0.043733417987823486
earth_helio_velocity_icrs_kms: [29.209656175848597, -2.4135406004011832, -1.0473797141910193]
earth_helio_velocity_gal_kms: [1.011935733701511, 14.724007379709429, -25.34375246801254]
earth_helio_speed_kms: 29.32790814918056
earth_helio_distance_AU: 1.0158860902957274
earth_helio_velocity_gal_recalled_matrix_kms: [1.011938607602955, 14.724006824720512, -25.343752675723596]
astropy_vs_recalled_matrix_max_diff_kms: 2.8739014441558908e-06
earth_minus_EMB_velocity_kms: 0.01288184281524605
sun_apparent_ecliptic_longitude_deg: 85.48020657304113
rotation_velocity_gal_kms: [0.16729052164609634, -0.062444222087759675, 0.28122310947056195]
rotation_speed_kms: 0.33312435636719834
local_apparent_sidereal_time_h: 8.11971632922033
zenith_direction_gal: [-0.8512880684713502, 0.06448113875197498, 0.5207214295797372]
                                    variant     v0  pecU   pecV  pecW  vsun_speed       vE_U        vE_V       vE_W    vE_speed  vE_speed_norot     apex_l    apex_b      wind_l    wind_b    vmax_544
0        Baxter (v0=238, pec 11.1/12.2/7.3)  238.0  11.1  12.20  7.30  250.552470  12.279226  264.861563 -17.762529  265.740352      265.813855  87.345615 -3.832603  267.345615  3.832603  809.740352
1  Schoenrich pec (11.1/12.24/7.25), v0=238  238.0  11.1  12.24  7.25  250.590962  12.279226  264.901563 -17.812529  265.783566      265.857120  87.346016 -3.842782  267.346016  3.842782  809.783566
2                                    v0=220  220.0  11.1  12.20  7.30  232.579750  12.279226  246.861563 -17.762529  247.804193      247.878481  87.152378 -4.110469  267.152378  4.110469  791.804193
3                                    v0=230  230.0  11.1  12.20  7.30  242.564095  12.279226  256.861563 -17.762529  257.767627      257.841466  87.263068 -3.951331  267.263068  3.951331  801.767627
4                            v0=233 (SHM++)  233.0  11.1  12.20  7.30  245.559647  12.279226  259.861563 -17.762529  260.757203      260.830914  87.294618 -3.905958  267.294618  3.905958  804.757203
5                                    v0=250  250.0  11.1  12.20  7.30  262.536359  12.279226  276.861563 -17.762529  277.702380      277.775416  87.460510 -3.667283  267.460510  3.667283  821.702380
v_sun_speed_kms: 250.55246955478208
v_E_event_vector_gal_kms: [12.279226255347607, 264.8615631576216, -17.762529358541975]
v_E_event_speed_kms: 265.74035163095175
v_E_event_speed_norot_kms: 265.81385531320325
rotation_projection_on_vE_kms: -0.07370225926955826
orbital_projection_on_vsun_kms: 14.009719186836483
apex_lb_event_deg: [87.34561547015099, -3.832603198654938]
wind_lb_event_deg: [267.34561547015096, 3.832603198654938]
sun_apex_lb_deg: [87.45976660567182, 1.6695839773356973]
apex_radec_deg: [319.34938258138754, 43.76296046974434]
apex_altaz_at_SURF_deg: [-0.38058016751950213, 347.2837977671492]
angle_rotation_vs_vE_deg: 102.7121523603332
sigma_vE_from_solar_motion_kms: 2.492672173803442
sigma_vE_v0_only_kms: 1.4950395839325679
wimprates_j2000_event_days: 8567.390729166684
wimprates_vE_event_kms: 265.9773059244261
wimprates_vE_vector_kms: [11.23054461087485, 265.09466739382174, -18.50998254774819]
====================
WARNING
Only some of the isotopes contained in
WimPyDD/WimPyC/Sun/densities.tab
were loaded:
['1H', '4He', '3He', '12C', '13C', '14N', '15N', '16O', '17O', '18O', '20Ne', '23Na', '24Mg', '27Al', '28Si', '32S', '40Ar', '40Ca', '56Fe', '58Ni']
the following targets could not be initialized and were ignored:
['P', 'Cl', 'K', 'Sc', 'Ti', 'V', 'Cr', 'Mn', 'Co']
====================
====================
WARNING
Only some of the isotopes contained in
WimPyDD/WimPyC/Earth/densities.tab
were loaded:
['16O', '28Si', '27Al', '56Fe', '40Ca', '23Na', '24Mg', '58Ni', '31P', '32S']
the following targets could not be initialized and were ignored:
['39K', '48Ti', '59Co']
====================
wimpydd_ecliptic_longitude_deg: 86.68674657534247
wimpydd_vE_event_kms: 265.921521061871
wimpydd_earth_sun_vector_kms: [-0.28242694258944984, 14.855151742043814, -25.820313496504163]
lzcommon_cosine_vE_event_kms: 265.0630329462768
lzcommon_sunframe_kms: 250.55246955478208
P055_vE_kms: 265.96
P006_vE_kms: 266.0
orbital_vector_diff_astropy_minus_wimprates_kms: [0.8813911228266611, -0.17066001411232, 0.4662300797356522]
orbital_vector_diff_astropy_minus_wimpydd_kms: [1.2943626762909608, -0.13114436233438553, 0.4765610284916235]
vE_max_run_kms: 266.19121738534216
t_vE_max_run: 2023-06-02T10:00:00.000
vE_min_run_kms: 237.19081373333475
t_vE_min_run: 2023-12-04T10:00:00.000
vE_annual_mean_speed_kms: 252.10825933818074
vE_run_mean_speed_kms: 252.2098313024255
vE_2_June_2023_00UTC_kms: 266.1909387603501
days_event_after_vE_max: 14.4740625
vE_event_minus_max_kms: -0.45086575439040644
first_harmonic_mean_amp_peakday: [252.10825933818074, 14.487710988120616, 154.62822028411108]
first_harmonic_rms_residual_kms: 0.3065824357732364
     m_GeV  v_esc       v_max  delta_max_248  delta_max_248_norot  delta_max_248_annualmean  delta_max_248_sunframe  delta_max_248_vEmax  Emax_elastic    Emax_d300    Emax_d350    Emax_d366   Emin_d366
0    400.0  500.0  765.740352     305.436444           305.496852                294.233042              292.954431           305.806984    936.314658   302.363622          NaN          NaN         NaN
1    400.0  528.0  793.740352     328.447971           328.508380                317.244569              315.965958           328.818511   1006.040986   421.383572          NaN          NaN         NaN
2    400.0  544.0  809.740352     341.597416           341.657824                330.394013              329.115403           341.967955   1047.008770   476.938083          NaN          NaN         NaN
3    400.0  560.0  825.740352     354.746860           354.807268                343.543458              342.264847           355.117400   1088.794131   529.754291   344.002866          NaN         NaN
4    400.0  580.0  845.740352     371.183666           371.244074                359.980263              358.701652           371.554205   1142.175551   593.893372   444.640859   368.579755  213.091582
5    400.0  600.0  865.740352     387.620471           387.680879                376.417069              375.138458           387.991011   1196.834434   657.098862   523.680020   468.789791  167.540430
6   1000.0  500.0  765.740352     350.964332           351.024740                339.760930              338.482319           351.334872   1267.655146   617.356651   402.226584          NaN         NaN
7   1000.0  528.0  793.740352     373.975860           374.036268                362.772457              361.493846           374.346399   1362.056037   729.554608   566.833130   495.098666  214.775786
8   1000.0  544.0  809.740352     387.125304           387.185712                375.921901              374.643291           387.495843   1417.521390   792.836112   642.502703   582.922365  182.417439
9   1000.0  560.0  825.740352     400.274748           400.335156                389.071346              387.792735           400.645288   1474.093641   856.063777   714.284625   661.055312  160.856744
10  1000.0  580.0  845.740352     416.711554           416.771962                405.508151              404.229540           417.082093   1546.365533   935.415148   801.347289   752.961272  141.222675
11  1000.0  600.0  865.740352     433.148359           433.208767                421.944957              420.666346           433.518899   1620.366954  1015.435228   887.075939   841.878265  126.307103
12  4000.0  500.0  765.740352     373.728276           373.788684                362.524874              361.246263           374.098816   1503.518331   817.705481   645.673874   573.235568  220.014623
13  4000.0  528.0  793.740352     396.739804           396.800212                385.536401              384.257790           397.110343   1615.483695   943.485658   790.334496   733.202847  172.012708
14  4000.0  544.0  809.740352     409.889248           409.949656                398.685845              397.407235           410.259788   1681.269074  1015.652533   869.389644   816.545021  154.455914
15  4000.0  560.0  825.740352     423.038692           423.099101                411.835290              410.556679           423.409232   1748.367305  1088.321486   947.413086   897.589226  140.509939
16  4000.0  580.0  845.740352     439.475498           439.535906                428.272095              426.993485           439.846037   1834.086290  1180.095414  1044.441307   997.364701  126.453450
17  4000.0  600.0  865.740352     455.912303           455.972711                444.708901              443.430290           456.282843   1921.856607  1273.111886  1141.610719  1096.575698  115.012769
d_deltamax_dv_keV_per_kms: 0.8218402700365232
deltamax_shift_from_rotation_keV: -0.0605714846603956
deltamax_sigma_from_solar_motion_keV: 2.048578372431148
deltamax_shift_v0_220_250_keV: [-14.740657215738818, 9.830876836691651]
deltamax_shift_schoenrich_keV: 0.03551501072915391
focusing_map_max_abs_diff_kms: 0.0004382164660863695
focusing_map_max_angle_diff_deg: 0.0
grid_validation_eta_num_over_analytic: [0.9999958513991309, 1.0000033806604898, 1.000049467629402, 1.0000723232138333, 1.0003528084108464, 1.0004656907102738, 1.0009543708308548, 1.008209389609722, 0.9932573802284128]
grid_validation_density_unfocused: 1.0000018192037148
one_lab_distribution_seconds: 0.576819896697998
event_density_enhancement: 1.0084049109332471
event_eta_ratio_focused_over_unfocused_600_700_750_790: [1.0215392085540522, 1.0304966956231196, 1.0479196501932357, 1.1235018261426486]
event_hard_edge_unfocused_focused_kms: [808.0, 810.0]
event_exact_edge_unfocused_focused_kms: [809.7403516308987, 810.8372487360612]
event_exact_edge_unfocused_minus_vesc_plus_vE: -5.3091753215994686e-11
deltamax_shift_sun_focusing_keV_1TeV: 0.9014742131089406
sun_escape_speed_at_earth_kms: 41.79127314802485
analytic_vmax_shift_sun_focusing_kms: 1.098293900476392
event_angle_between_earth_position_and_downstream_deg: 96.60811516533266
                       isot          vE  angle_pos_downstream_deg  density_ratio  eta_ratio_600  eta_ratio_700  eta_ratio_750  eta_ratio_790
0   2023-03-27T00:00:00.000  257.998852                 63.394020       1.018190       1.023108       1.035035       1.054186       1.217376
1   2023-04-06T03:30:00.000  260.135751                 66.039488       1.016863       1.022599       1.032524       1.051958       1.181758
2   2023-04-16T07:00:00.000  262.018796                 69.370516       1.015671       1.021983       1.030186       1.048836       1.160726
3   2023-04-26T10:30:00.000  263.590797                 73.244503       1.014198       1.022384       1.032910       1.050934       1.138279
4   2023-05-06T14:00:00.000  264.799446                 77.520338       1.012696       1.021608       1.029385       1.043705       1.121560
5   2023-05-16T17:30:00.000  265.655957                 82.072828       1.011385       1.021754       1.030652       1.047201       1.128401
6   2023-05-26T21:00:00.000  266.112664                 86.787675       1.010228       1.021709       1.031180       1.048227       1.127307
7   2023-06-06T00:30:00.000  266.168381                 91.554660       1.009242       1.021686       1.031231       1.046903       1.109478
8   2023-06-16T04:00:00.000  265.851841                 96.275528       1.008414       1.021609       1.031049       1.049262       1.119943
9   2023-06-26T07:30:00.000  265.133508                100.850398       1.007740       1.021223       1.028935       1.044280       1.129117
10  2023-07-06T11:00:00.000  264.056988                105.171849       1.007217       1.021504       1.030897       1.048123       1.138355
11  2023-07-16T14:30:00.000  262.653287                109.133212       1.006797       1.021460       1.030290       1.046736       1.129805
12  2023-07-26T18:00:00.000  260.924631                112.616421       1.006448       1.021973       1.033124       1.052161       1.158197
13  2023-08-05T21:30:00.000  258.947855                115.495639       1.006115       1.021585       1.029889       1.052651       1.206212
14  2023-08-16T01:00:00.000  256.752118                117.652196       1.005933       1.021796       1.031513       1.053899       1.219579
15  2023-08-26T04:30:00.000  254.382135                118.977231       1.005898       1.022230       1.034550       1.055415       1.309612
16  2023-09-05T08:00:00.000  251.933103                119.390688       1.005847       1.022711       1.036275       1.060207       1.457704
17  2023-09-15T11:30:00.000  249.439252                118.858021       1.005922       1.022318       1.033024       1.064068       1.667235
18  2023-09-25T15:00:00.000  246.985811                117.394019       1.005997       1.022270       1.031701       1.065740       2.619729
19  2023-10-05T18:30:00.000  244.665873                115.062108       1.006303       1.023061       1.036868       1.065325            NaN
20  2023-10-15T22:00:00.000  242.525120                111.960448       1.006579       1.023572       1.038396       1.074434            NaN
21  2023-10-26T01:30:00.000  240.666276                108.211732       1.007021       1.022972       1.034891       1.074388            NaN
22  2023-11-05T05:00:00.000  239.152439                103.947836       1.007540       1.023779       1.038838       1.075216            NaN
23  2023-11-15T08:30:00.000  238.030587                 99.297636       1.008190       1.023514       1.038533       1.077435            NaN
24  2023-11-25T12:00:00.000  237.375890                 94.393625       1.009104       1.023471       1.037464       1.083235            NaN
25  2023-12-05T15:30:00.000  237.194366                 89.364112       1.010009       1.023295       1.036759       1.082569            NaN
26  2023-12-15T19:00:00.000  237.507246                 84.333068       1.011094       1.023405       1.037574       1.082270            NaN
27  2023-12-25T22:30:00.000  238.317441                 79.435265       1.012592       1.023757       1.040188       1.085218            NaN
28  2024-01-05T02:00:00.000  239.569734                 74.807717       1.013952       1.023270       1.035006       1.079456            NaN
29  2024-01-15T05:30:00.000  241.241439                 70.591890       1.015307       1.023213       1.036966       1.071447            NaN
30  2024-01-25T09:00:00.000  243.256161                 66.942507       1.016917       1.022875       1.032668       1.068901            NaN
31  2024-02-04T12:30:00.000  245.528710                 64.008793       1.018003       1.023442       1.037804       1.065184            inf
32  2024-02-14T16:00:00.000  248.002267                 61.925268       1.019087       1.023606       1.036014       1.064902       2.476574
33  2024-02-24T19:30:00.000  250.559208                 60.799136       1.019449       1.023943       1.033886       1.058660       1.515704
34  2024-03-05T23:00:00.000  253.127987                 60.683474       1.019541       1.023223       1.032709       1.057745       1.299807
35  2024-03-16T02:30:00.000  255.640211                 61.570387       1.019039       1.023142       1.031504       1.056459       1.282312
36  2023-06-16T21:22:39.000  265.813855                 96.608115       1.008402       1.021611       1.030847       1.048573       1.118165
focusing_year_scan_seconds: 50.03391170501709
edge_shift_focusing_min_max_kms: [1.0939726369542768, 1.1319992248900235]
focusing_density_max_date_value: ['2024-03-05T23:00:00.000', 1.0195408199373464]
focusing_density_annual_mean: 1.0111257007618684
eta_ratio_mean_over_dates_600: [1.0226402681482294, 36]
eta_ratio_min_max_600: [1.021223334259019, 1.0239433454539988]
eta_ratio_mean_over_dates_700: [1.0339005830410943, 36]
eta_ratio_min_max_700: [1.0289347515332912, 1.040188462660839]
eta_ratio_mean_over_dates_750: [1.0613148053552235, 36]
eta_ratio_min_max_750: [1.0437048691418132, 1.085217673453992]
eta_ratio_mean_over_dates_790: [1.3441203774903716, 23]
eta_ratio_min_max_790: [1.1094776781311522, 2.619729183544349]
annual_mean_eta_ratio_focused_over_unfocused: [1.0225540600065595, 1.0332916551735354, 1.0559987106353257, 1.1554890936182967]
event_over_annual_eta_ratio_unfocused: [1.1739002002929373, 1.3273818455963373, 1.6347641333210854, 3.0685992848447468]
event_over_annual_eta_ratio_focused: [1.1727351427473653, 1.3237913989418784, 1.6222571500183163, 2.9836516149428647]
march_eta_ratio_focused_over_unfocused: [1.0232229190860167, 1.0327087250867089, 1.0577454044119272, 1.2998074221749316]
earth_escape_speed_kms: 11.186047902941352
earth_focusing_density_ratio: 1.0005358788377414
earth_focusing_eta_ratio_600_700_750_790: [1.0015111378311514, 1.002208912040684, 1.0035585765042927, 1.008228690208646]
earth_focusing_exact_edge_kms: 810.9144324604131
deltamax_shift_earth_focusing_keV_1TeV: 0.06343269286389841
analytic_vmax_shift_earth_kms: 0.07723561873217477
inelastic_threshold_speed_delta300_1TeV_kms: {'O-16': 1916.2790183028183, 'Si-28': 1456.526054699188, 'Fe-56': 1042.9270009789257, 'Ni-58': 1025.694612968565, 'Pb-208': 576.4099105456464, 'Xe-131': 703.4676494803845}
earth_column_nucleons_cm2: 4.228149352604637e+33
elastic_interaction_prob_sigma_1e-48_A56coherent: 6.623157639876875e-10
convention_check_sum_deta_wd_vs_mine: [0.003356717835830888, 0.0033580673583321363, 0.003358081289671093]
eta_wd_over_mine_600: 1.007579156364045
eta_wd_over_mine_700: 1.0120651485474066
eta_wd_over_mine_750: 1.0198562009755927
eta_wd_over_mine_790: 1.047372960715967
kernel_seconds: 37.050928831100464
halo   annual_WimPyDD_24d  annual_num_focused  annual_num_unfocused  june16_WimPyDD  june16_num_focused  june16_num_focused_earth  june16_num_unfocused  march_num_focused  march_num_unfocused  sun_frame_WimPyDD
delta                                                                                                                                                                                                             
300.0          796.734561          820.686129            787.174041     1160.752465         1186.775882               1190.202974           1143.038667         820.843050           787.565441       7.330856e+02
350.0           11.388203           12.278115             11.012985       27.919190           29.577055                 29.768669             26.797654           9.195061             8.138428       6.288058e+00
352.5            8.067663            8.732570              7.785258       20.441245           21.742783                 21.895585             19.566759           6.206927             5.453771       4.137532e+00
355.0            5.676283            6.171137              5.467706       14.826147           15.845810                 15.966754             14.157817           4.151836             3.622509       2.700545e+00
357.5            3.930971            4.289881              3.777057       10.553592           11.328795                 11.423171             10.044857           2.727557             2.365784       1.740590e+00
360.0            2.682933            2.940692              2.572777        7.382272            7.964428                  8.036631              7.005384           1.768086             1.527622       1.114822e+00
362.5            1.793384            1.973589              1.715995        5.032455            5.457730                  5.511581              4.759662           1.134831             0.979804       7.160896e-01
365.0            1.184678            1.307902              1.131994        3.360026            3.659862                  3.698593              3.169051           0.741561             0.642007       4.731744e-01
366.0            1.008629            1.114874              0.963060        2.876115            3.137105                  3.171081              2.709323           0.628467             0.544317       4.015301e-01
367.5            0.785030            0.869290              0.749454        2.247313            2.457088                  2.484481              2.115773           0.492250             0.426988       3.160378e-01
370.0            0.516404            0.572683              0.492808        1.484168            1.625848                  1.644373              1.396613           0.330647             0.286517       2.105339e-01
372.5            0.341828            0.379350              0.326296        0.987013            1.081450                  1.093751              0.929839           0.221674             0.190620       1.361690e-01
375.0            0.229605            0.254818              0.219164        0.670098            0.732991                  0.741120              0.632359           0.146378             0.124245       8.492124e-02
377.5            0.153974            0.170979              0.146872        0.459234            0.501243                  0.506574              0.433958           0.091531             0.075922       4.863862e-02
380.0            0.102664            0.114391              0.097731        0.317442            0.346470                  0.350144              0.299772           0.053270             0.042885       2.501904e-02
382.5            0.067393            0.075581              0.063863        0.218359            0.239272                  0.241979              0.205356           0.028578             0.022139       1.119535e-02
385.0            0.042496            0.048198              0.039992        0.145777            0.161318                  0.163330              0.136058           0.013250             0.009660       3.729502e-03
387.5            0.025369            0.029239              0.023657        0.092578            0.104010                  0.105504              0.085410           0.004855             0.003181       7.330139e-04
390.0            0.014189            0.016700              0.013084        0.055249            0.063265                  0.064394              0.050241           0.001226             0.000666       4.371411e-05
392.5            0.007141            0.008649              0.006485        0.029918            0.035148                  0.035927              0.026730           0.000151             0.000055       1.388621e-07
delta_N1_keV: {'annual_WimPyDD_24d': 366.05142514115863, 'annual_num_focused': 366.6555435916195, 'annual_num_unfocused': 365.7671128836326, 'june16_WimPyDD': 372.41988884134156, 'june16_num_focused': 373.00333110537576, 'june16_num_focused_earth': 373.07561617794, 'june16_num_unfocused': 372.0529420420981, 'march_num_focused': 363.24318028143085, 'march_num_unfocused': 362.3851476224451, 'sun_frame_WimPyDD': 360.6138926775097}
rate_ratios: {300.0: {'focused_over_unfocused_june': 1.0382639854447955, 'earth_focus_extra': 1.0028877336197677, 'focused_over_unfocused_annual': 1.0425726537303748, 'focused_over_unfocused_march': 1.0422537701501093, 'june_over_annual_unfocused': 1.4520787100855599, 'june_over_annual_focused': 1.4460776650131377, 'my_june_over_WimPyDD_june': 0.9847393832951321, 'my_annual_over_WimPyDD_annual': 0.988000370620109, 'june_WimPyDD_over_sunframe': 1.5833792517145646}, 350.0: {'focused_over_unfocused_june': 1.1037180591519964, 'earth_focus_extra': 1.0064784621064526, 'focused_over_unfocused_annual': 1.114876276593292, 'focused_over_unfocused_march': 1.1298325005612437, 'june_over_annual_unfocused': 2.4332780939380183, 'june_over_annual_focused': 2.4089246776555706, 'my_june_over_WimPyDD_june': 0.9598291961842685, 'my_annual_over_WimPyDD_annual': 0.9670520235133871, 'june_WimPyDD_over_sunframe': 4.440033821524547}, 366.0: {'focused_over_unfocused_june': 1.1578926596600767, 'earth_focus_extra': 1.0108303984392506, 'focused_over_unfocused_annual': 1.15763694335609, 'focused_over_unfocused_march': 1.154598274234096, 'june_over_annual_unfocused': 2.813242866162933, 'june_over_annual_focused': 2.8138642976679322, 'my_june_over_WimPyDD_june': 0.9420076861939484, 'my_annual_over_WimPyDD_annual': 0.9548209198775294, 'june_WimPyDD_over_sunframe': 7.162888478059204}, 380.0: {'focused_over_unfocused_june': 1.1557768207120984, 'earth_focus_extra': 1.0106049072170504, 'focused_over_unfocused_annual': 1.1704625147394203, 'focused_over_unfocused_march': 1.242177419682702, 'june_over_annual_unfocused': 3.067306794528848, 'june_over_annual_focused': 3.028821555996964, 'my_june_over_WimPyDD_june': 0.9443372668237776, 'my_annual_over_WimPyDD_annual': 0.9519540526033665, 'june_WimPyDD_over_sunframe': 12.688017656054482}}
     m_GeV  v_esc  threshold_keV  frac_year  frac_run  days_per_year
18  1000.0  528.0     370.000000   0.295003  0.290399     107.750000
19  1000.0  528.0     380.000000   0.000000  0.000000       0.000000
20  1000.0  528.0     385.000000   0.000000  0.000000       0.000000
21  1000.0  528.0     387.000000   0.000000  0.000000       0.000000
22  1000.0  528.0     390.000000   0.000000  0.000000       0.000000
23  1000.0  528.0     373.975860   0.085216  0.083885      31.125000
24  1000.0  544.0     370.000000   0.671116  0.676249     245.125000
25  1000.0  544.0     380.000000   0.396190  0.405615     144.708333
26  1000.0  544.0     385.000000   0.221538  0.218080      80.916667
27  1000.0  544.0     387.000000   0.098106  0.096575      35.833333
28  1000.0  544.0     390.000000   0.000000  0.000000       0.000000
29  1000.0  544.0     387.125304   0.085216  0.083885      31.125000
30  1000.0  560.0     370.000000   1.000000  1.000000     365.250000
31  1000.0  560.0     380.000000   0.773899  0.777428     282.666667
32  1000.0  560.0     385.000000   0.618412  0.624368     225.875000
33  1000.0  560.0     387.000000   0.564339  0.571140     206.125000
34  1000.0  560.0     390.000000   0.484029  0.492083     176.791667
35  1000.0  560.0     400.274748   0.085216  0.083885      31.125000
frac_year_vE_ge_event: 0.08521560574948665
frac_run_vE_ge_event: 0.08388545760808534
delta_max_event_by_mass: {400.0: 341.59741579993295, 1000.0: 387.12530386628356, 4000.0: 409.8892478994589}
total seconds 96.28147602081299
