===== P051 run 2026-09-16 15:08:09 stage=kernels =====
halos computed: v_max(sun/june) where eta>0: {'sun': 796.0, 'june': 811.0, 'annual': 811.0}
  kernel iso_250: 170 energies, calls so far 170, t=7s
  kernel p_250: 170 energies, calls so far 340, t=14s
  kernel iso_260: 168 energies, calls so far 508, t=21s
  kernel p_260: 168 energies, calls so far 676, t=27s
  kernel iso_270: 167 energies, calls so far 843, t=32s
  kernel p_270: 167 energies, calls so far 1010, t=37s
  kernel iso_280: 166 energies, calls so far 1176, t=43s
  kernel p_280: 166 energies, calls so far 1342, t=49s
  kernel iso_290: 164 energies, calls so far 1506, t=55s
  kernel p_290: 164 energies, calls so far 1670, t=61s
  kernel iso_300: 162 energies, calls so far 1832, t=66s
  kernel p_300: 162 energies, calls so far 1994, t=72s
  kernel iso_310: 160 energies, calls so far 2154, t=78s
  kernel p_310: 160 energies, calls so far 2314, t=84s
  kernel iso_320: 158 energies, calls so far 2472, t=92s
  kernel p_320: 158 energies, calls so far 2630, t=100s
  kernel iso_330: 156 energies, calls so far 2786, t=109s
  kernel p_330: 156 energies, calls so far 2942, t=120s
  kernel iso_340: 154 energies, calls so far 3096, t=131s
  kernel p_340: 154 energies, calls so far 3250, t=139s
  kernel iso_350: 151 energies, calls so far 3401, t=150s
  kernel p_350: 151 energies, calls so far 3552, t=159s
  kernel iso_360: 148 energies, calls so far 3700, t=166s
  kernel p_360: 148 energies, calls so far 3848, t=175s
  kernel iso_370: 144 energies, calls so far 3992, t=185s
  kernel p_370: 144 energies, calls so far 4136, t=198s
  kernel iso_375: 139 energies, calls so far 4275, t=210s
  kernel p_375: 139 energies, calls so far 4414, t=220s
  kernel iso_380: 133 energies, calls so far 4547, t=229s
  kernel p_380: 133 energies, calls so far 4680, t=243s
  kernel iso_385: 127 energies, calls so far 4807, t=257s
  kernel p_385: 127 energies, calls so far 4934, t=275s
  kernel iso_390: 120 energies, calls so far 5054, t=296s
  kernel p_390: 120 energies, calls so far 5174, t=317s
factorisation validation: max |rel dev| = 0.2263, rms = 0.0297 (n=184), t=363s
  exothermic kernel delta=-300: 88 energies, t=379s
  exothermic kernel delta=-350: 88 energies, t=393s
  exothermic kernel delta=-380: 88 energies, t=408s
kernel stage done, t=408s
===== P051 run 2026-09-16 15:16:29 stage=exact =====
  exact light kernel iso delta=300 m_med=0.05: t=24s
  exact light kernel p delta=300 m_med=0.05: t=50s
  exact light kernel iso delta=380 m_med=0.05: t=68s
  exact light kernel p delta=380 m_med=0.05: t=92s
  exact light kernel iso delta=300 m_med=0.1: t=118s
  exact light kernel p delta=300 m_med=0.1: t=146s
  exact light kernel iso delta=380 m_med=0.1: t=174s
  exact light kernel p delta=380 m_med=0.1: t=204s
===== P051 run 2026-09-16 15:20:17 stage=analysis =====
observables: 714 rows, t=1s

exact WimPyDD light-mediator spectra vs propagator factorisation:
iso  delta_keV  m_med_GeV   halo  S_fact_over_exact  Z_exact  Z_fact      dZ  pct_exact  pct_fact  ratio_exact  ratio_fact  A600_exact  A600_fact
iso      300.0       0.05 annual             1.0058   2.4201  2.4131 -0.0071     0.9957    0.9958       6.7780      6.8458      0.9166     0.9164
iso      300.0       0.05   june             1.0054   2.3903  2.3832 -0.0071     0.9960    0.9961       7.3026      7.3749      0.9189     0.9188
iso      300.0       0.05    sun             1.0059   2.4299  2.4228 -0.0071     0.9956    0.9957       6.6111      6.6777      0.9158     0.9156
  p      300.0       0.05 annual             1.0052   2.8508  2.8478 -0.0031     0.9836    0.9837       3.5437      3.5674      0.9288     0.9287
  p      300.0       0.05   june             1.0048   2.8306  2.8275 -0.0031     0.9845    0.9847       3.7728      3.7975      0.9296     0.9295
  p      300.0       0.05    sun             1.0053   2.8573  2.8542 -0.0031     0.9833    0.9834       3.4724      3.4959      0.9285     0.9284
iso      380.0       0.05 annual             1.0444   3.4823  3.4774 -0.0050     0.7085    0.7099       0.0518      0.0528      0.0582     0.0589
iso      380.0       0.05   june             1.0415   3.4842  3.4787 -0.0055     0.7621    0.7640       0.0619      0.0632      0.0778     0.0789
iso      380.0       0.05    sun             1.0626   3.3105  3.3113  0.0008     0.0820    0.0822       0.0001      0.0001      0.0151     0.0153
  p      380.0       0.05 annual             1.0409   3.6517  3.6499 -0.0018     0.7048    0.7089       0.0257      0.0262      0.2443     0.2459
  p      380.0       0.05   june             1.0379   3.6382  3.6359 -0.0023     0.7230    0.7273       0.0320      0.0328      0.2973     0.2993
  p      380.0       0.05    sun             1.0637   3.7649  3.7651  0.0002     0.4627    0.4637       0.0001      0.0001      0.0454     0.0458
iso      300.0       0.10 annual             1.0047   2.4563  2.4502 -0.0060     0.9953    0.9953       6.2985      6.3515      0.9103     0.9101
iso      300.0       0.10   june             1.0043   2.4280  2.4219 -0.0061     0.9956    0.9957       6.7699      6.8263      0.9128     0.9126
iso      300.0       0.10    sun             1.0048   2.4654  2.4594 -0.0060     0.9952    0.9952       6.1490      6.2011      0.9094     0.9092
  p      300.0       0.10 annual             1.0043   2.8779  2.8753 -0.0026     0.9821    0.9823       3.3060      3.3245      0.9246     0.9245
  p      300.0       0.10   june             1.0039   2.8587  2.8561 -0.0026     0.9831    0.9833       3.5134      3.5326      0.9255     0.9254
  p      300.0       0.10    sun             1.0044   2.8840  2.8814 -0.0026     0.9818    0.9820       3.2417      3.2600      0.9243     0.9242
iso      380.0       0.10 annual             1.0393   3.4835  3.4791 -0.0044     0.7015    0.7025       0.0507      0.0515      0.0547     0.0553
iso      380.0       0.10   june             1.0366   3.4860  3.4812 -0.0049     0.7562    0.7577       0.0606      0.0618      0.0730     0.0738
iso      380.0       0.10    sun             1.0564   3.3073  3.3079  0.0006     0.0802    0.0804       0.0001      0.0001      0.0146     0.0147
  p      380.0       0.10 annual             1.0361   3.6535  3.6520 -0.0015     0.7012    0.7048       0.0250      0.0255      0.2310     0.2320
  p      380.0       0.10   june             1.0334   3.6402  3.6383 -0.0019     0.7194    0.7232       0.0313      0.0319      0.2818     0.2833
  p      380.0       0.10    sun             1.0569   3.7647  3.7649  0.0002     0.4607    0.4615       0.0001      0.0001      0.0429     0.0431

Z(delta) peaks, annual halo:
  halo iso  m_med_GeV  delta_peak  Z_peak  d68_lo  d68_hi  edge_lo  edge_hi  Z_300  Z_330  Z_350  Z_380  dq0_peak_minus_300  dq0_peak_minus_330  dq0_peak_minus_350  LR_peak_over_300  shift_vs_contact_keV
annual iso       0.05       380.0   3.477   369.0   390.0    False     True  2.413  2.711  3.005  3.477               6.269               4.744               3.064            22.980                   0.0
annual iso       0.10       380.0   3.479   369.0   390.0    False     True  2.450  2.735  3.019  3.479               6.100               4.624               2.988            21.121                   0.0
annual iso       0.20       380.0   3.483   368.0   389.0    False    False  2.530  2.789  3.053  3.483               5.730               4.351               2.811            17.546                   0.0
annual iso       0.30       380.0   3.485   368.0   389.0    False    False  2.582  2.826  3.076  3.485               5.478               4.161               2.683            15.475                   0.0
annual iso       0.50       380.0   3.487   367.0   389.0    False    False  2.629  2.860  3.098  3.487               5.244               3.980               2.558            13.762                   0.0
annual iso       1.00       380.0   3.487   366.0   388.0    False    False  2.658  2.880  3.112  3.487               5.099               3.866               2.477            12.802                   0.0
annual iso        inf       380.0   3.488   366.0   388.0    False    False  2.669  2.888  3.117  3.488               5.042               3.821               2.445            12.438                   0.0
annual   p       0.05       390.0   3.750   377.0   390.0    False     True  2.848  3.056  3.271  3.650               5.956               4.726               3.366            19.651                   0.0
annual   p       0.10       390.0   3.750   377.0   390.0    False     True  2.875  3.075  3.283  3.652               5.798               4.610               3.291            18.160                   0.0
annual   p       0.20       390.0   3.750   376.0   390.0    False     True  2.935  3.117  3.309  3.657               5.450               4.349               3.117            15.257                   0.0
annual   p       0.30       390.0   3.750   376.0   390.0    False     True  2.975  3.146  3.327  3.660               5.214               4.167               2.993            13.558                   0.0
annual   p       0.50       390.0   3.750   375.0   390.0    False     True  3.011  3.173  3.345  3.664               4.994               3.996               2.875            12.149                   0.0
annual   p       1.00       390.0   3.750   375.0   390.0    False     True  3.033  3.189  3.356  3.666               4.860               3.891               2.800            11.359                   0.0
annual   p        inf       390.0   3.750   375.0   390.0    False     True  3.042  3.196  3.360  3.667               4.807               3.849               2.770            11.060                   0.0

Z(delta) peaks, June halo:
iso  m_med_GeV  delta_peak  Z_peak  d68_lo  d68_hi  Z_300  Z_350  Z_380
iso       0.05       380.0   3.479   371.0   390.0  2.383  2.933  3.479
iso       0.10       380.0   3.481   371.0   390.0  2.422  2.949  3.481
iso       0.20       380.0   3.487   370.0   390.0  2.505  2.986  3.487
iso       0.30       380.0   3.490   370.0   390.0  2.558  3.012  3.490
iso       0.50       380.0   3.494   369.0   390.0  2.607  3.037  3.494
iso       1.00       380.0   3.496   369.0   389.0  2.636  3.052  3.496
iso        inf       380.0   3.496   369.0   389.0  2.648  3.058  3.496
  p       0.05       390.0   3.746   378.0   390.0  2.827  3.214  3.636
  p       0.10       390.0   3.746   378.0   390.0  2.856  3.227  3.638
  p       0.20       390.0   3.747   378.0   390.0  2.918  3.257  3.644
  p       0.30       390.0   3.747   377.0   390.0  2.959  3.277  3.648
  p       0.50       390.0   3.747   377.0   390.0  2.996  3.297  3.652
  p       1.00       390.0   3.747   376.0   390.0  3.019  3.309  3.654
  p        inf       390.0   3.747   376.0   390.0  3.028  3.314  3.655

Z(delta) peaks, Sun-frame halo:
iso  m_med_GeV  delta_peak  Z_peak  d68_lo  d68_hi  Z_300  Z_350  Z_380
iso       0.05       370.0   3.466   360.0   379.0  2.423  3.113  3.311
iso       0.10       370.0   3.468   360.0   379.0  2.459  3.125  3.308
iso       0.20       370.0   3.472   359.0   379.0  2.538  3.151  3.299
iso       0.30       370.0   3.474   359.0   378.0  2.589  3.170  3.292
iso       0.50       370.0   3.476   358.0   378.0  2.636  3.187  3.285
iso       1.00       370.0   3.478   358.0   378.0  2.664  3.199  3.280
iso        inf       370.0   3.478   358.0   378.0  2.675  3.203  3.277
  p       0.05       380.0   3.765   370.0   385.0  2.854  3.346  3.765
  p       0.10       380.0   3.765   369.0   385.0  2.881  3.355  3.765
  p       0.20       380.0   3.764   369.0   385.0  2.941  3.376  3.764
  p       0.30       380.0   3.764   368.0   385.0  2.980  3.391  3.764
  p       0.50       380.0   3.763   368.0   385.0  3.016  3.405  3.763
  p       1.00       380.0   3.763   368.0   385.0  3.038  3.414  3.763
  p        inf       380.0   3.763   367.0   385.0  3.046  3.417  3.763

--- delta = 300 keV, annual halo ---
iso  m_med_GeV  E_minus_keV  E_plus_keV  A_600  E_peak_true  E_median_true_acc  pct248_true_acc  pct248_obs  frac_pm23_obs  ratio_100_200_over_200_270  P0_100_200_given_one_in_200_270  ratio_125_200_over_200_270  P0_125_200_given_one_in_200_270  N_600_1000phd_per_ROI_event  kappa_hat     Z
iso       0.05        89.55       797.8 0.9164          160              162.1           0.9982      0.9958        0.02823                       6.846                         0.001064                       6.418                         0.001632                      0.03947    0.02249 2.413
iso        0.1        89.55       797.8 0.9101          160              163.4           0.9979      0.9953        0.03069                       6.351                         0.001744                       5.984                         0.002519                      0.04619   0.001946  2.45
iso        0.2        89.55       797.8 0.8906          164              166.2           0.9973      0.9942        0.03676                       5.408                          0.00448                       5.141                         0.005853                      0.06714  0.0003083  2.53
iso        0.3        89.55       797.8 0.8711          164                168           0.9968      0.9932        0.04143                       4.867                         0.007699                       4.648                         0.009576                      0.08888  0.0001587 2.582
iso        0.5        89.55       797.8 0.8454          168              169.6           0.9963      0.9922        0.04622                       4.423                            0.012                        4.24                           0.0144                       0.1185  0.0001006 2.629
iso          1        89.55       797.8 0.8243          168              170.6           0.9959      0.9915        0.04937                       4.175                          0.01537                       4.012                          0.01811                       0.1436  7.989e-05 2.658
iso        inf        89.55       797.8 0.8144          168                171           0.9957      0.9911        0.05067                       4.082                          0.01687                       3.925                          0.01974                       0.1557  7.348e-05 2.669
  p       0.05        89.55       797.8 0.9287          168              171.8           0.9901      0.9837        0.06969                       3.567                          0.02823                       3.446                          0.03189                      0.02355    0.09884 2.848
  p        0.1        89.55       797.8 0.9245          168              173.2           0.9891      0.9823         0.0749                       3.324                          0.03599                        3.22                          0.03996                      0.02727   0.008418 2.875
  p        0.2        89.55       797.8 0.9114          172              176.3           0.9866      0.9786        0.08765                        2.85                          0.05786                       2.774                          0.06242                      0.03887   0.001289 2.935
  p        0.3        89.55       797.8 0.8976          176              178.3           0.9845      0.9756        0.09737                        2.57                          0.07651                       2.509                          0.08138                      0.05102  0.0006485 2.975
  p        0.5        89.55       797.8 0.8786          176              180.2           0.9823      0.9724         0.1072                       2.337                          0.09661                       2.286                           0.1017                      0.06779  0.0004027 3.011
  p          1        89.55       797.8 0.8622          176              181.4           0.9807      0.9702         0.1137                       2.206                           0.1102                        2.16                           0.1154                       0.0823  0.0003157 3.033
  p        inf        89.55       797.8 0.8543          180              181.9             0.98      0.9693         0.1164                       2.156                           0.1158                       2.112                            0.121                      0.08933  0.0002889 3.042

--- delta = 330 keV, annual halo ---
iso  m_med_GeV  E_minus_keV  E_plus_keV  A_600  E_peak_true  E_median_true_acc  pct248_true_acc  pct248_obs  frac_pm23_obs  ratio_100_200_over_200_270  P0_100_200_given_one_in_200_270  ratio_125_200_over_200_270  P0_125_200_given_one_in_200_270  N_600_1000phd_per_ROI_event  kappa_hat     Z
iso       0.05        121.3       712.6  0.856          176              178.1           0.9956      0.9904        0.05884                       3.175                          0.04181                       3.156                          0.04261                       0.1091      0.176 2.711
iso        0.1        121.3       712.6 0.8434          180                179           0.9952      0.9897        0.06239                       3.006                           0.0495                       2.989                          0.05033                       0.1244    0.01484 2.735
iso        0.2        121.3       712.6 0.8068          180                181           0.9941      0.9877        0.07107                       2.663                          0.06976                        2.65                          0.07064                       0.1717   0.002233 2.789
iso        0.3        121.3       712.6  0.772          180              182.4           0.9932      0.9861        0.07766                       2.453                          0.08607                       2.442                          0.08698                       0.2202   0.001113 2.826
iso        0.5        121.3       712.6 0.7291          180              183.7           0.9922      0.9844        0.08433                       2.272                           0.1031                       2.263                            0.104                       0.2854   0.000686  2.86
iso          1        121.3       712.6 0.6959          180              184.5           0.9915      0.9832        0.08869                       2.169                           0.1143                       2.161                           0.1152                       0.3404  0.0005359  2.88
iso        inf        121.3       712.6 0.6809          180              184.8           0.9911      0.9827        0.09048                       2.129                           0.1189                       2.121                           0.1199                       0.3666  0.0004898 2.888
  p       0.05        121.3       712.6  0.898          180              186.7           0.9807      0.9691         0.1247                       1.816                           0.1627                       1.809                           0.1638                      0.05345     0.6387 3.056
  p        0.1        121.3       712.6 0.8905          180              187.8           0.9793      0.9671         0.1312                       1.719                           0.1793                       1.713                           0.1804                      0.06059    0.05323 3.075
  p        0.2        121.3       712.6 0.8679          188              190.2           0.9756      0.9618         0.1471                       1.519                            0.219                       1.514                             0.22                      0.08271   0.007795 3.117
  p        0.3        121.3       712.6  0.845          188              191.8           0.9726      0.9577         0.1591                       1.395                           0.2479                       1.391                           0.2488                       0.1056   0.003812 3.146
  p        0.5        121.3       712.6 0.8145          196              193.4           0.9694      0.9533         0.1711                       1.287                           0.2761                       1.284                           0.2769                        0.137   0.002308 3.173
  p          1        121.3       712.6 0.7892          196              194.4           0.9672      0.9504         0.1789                       1.225                           0.2938                       1.222                           0.2946                        0.164   0.001783 3.189
  p        inf        121.3       712.6 0.7772          196              194.8           0.9662      0.9491         0.1821                       1.201                            0.301                       1.198                           0.3017                        0.177   0.001622 3.196

--- delta = 350 keV, annual halo ---
iso  m_med_GeV  E_minus_keV  E_plus_keV  A_600  E_peak_true  E_median_true_acc  pct248_true_acc  pct248_obs  frac_pm23_obs  ratio_100_200_over_200_270  P0_100_200_given_one_in_200_270  ratio_125_200_over_200_270  P0_125_200_given_one_in_200_270  N_600_1000phd_per_ROI_event  kappa_hat     Z
iso       0.05          150       648.3 0.6887          196              194.9           0.9876      0.9757         0.1295                       1.235                           0.2909                       1.235                           0.2909                       0.3669      1.557 3.005
iso        0.1          150       648.3  0.667          196              195.5           0.9868      0.9743         0.1343                       1.188                           0.3048                       1.188                           0.3049                        0.409     0.1283 3.019
iso        0.2          150       648.3 0.6082          196              196.9           0.9846      0.9709          0.146                       1.087                           0.3371                       1.087                           0.3371                       0.5371    0.01836 3.053
iso        0.3          150       648.3 0.5581          196              197.9           0.9827       0.968         0.1547                       1.022                             0.36                       1.022                             0.36                       0.6663   0.008859 3.076
iso        0.5          150       648.3 0.5022          196              198.9           0.9807       0.965         0.1635                      0.9629                           0.3818                      0.9628                           0.3818                       0.8384   0.005305 3.098
iso          1          150       648.3 0.4629          196              199.5           0.9792      0.9629         0.1692                       0.928                           0.3954                      0.9279                           0.3954                       0.9821   0.004072 3.112
iso        inf          150       648.3 0.4462          196              199.7           0.9786       0.962         0.1715                      0.9144                           0.4008                      0.9143                           0.4008                         1.05   0.003696 3.117
  p       0.05          150       648.3 0.8194          200              203.3           0.9588      0.9365         0.2338                      0.7436                           0.4754                      0.7436                           0.4754                       0.1415      4.494 3.271
  p        0.1          150       648.3 0.8062          204                204           0.9566      0.9336         0.2412                      0.7132                           0.4901                      0.7132                           0.4901                       0.1572     0.3668 3.283
  p        0.2          150       648.3 0.7674          208              205.7           0.9512      0.9264         0.2592                      0.6475                           0.5233                      0.6475                           0.5234                       0.2054    0.05135 3.309
  p        0.3          150       648.3 0.7304          208              206.9           0.9468      0.9207         0.2726                      0.6044                           0.5464                      0.6044                           0.5464                       0.2548    0.02437 3.327
  p        0.5          150       648.3 0.6842          208                208           0.9421      0.9148         0.2859                      0.5656                            0.568                      0.5656                            0.568                       0.3219    0.01436 3.345
  p          1          150       648.3 0.6482          208              208.8           0.9389      0.9108         0.2945                      0.5425                           0.5813                      0.5425                           0.5813                        0.379    0.01091 3.356
  p        inf          150       648.3 0.6318          208              209.1           0.9375      0.9092          0.298                      0.5335                           0.5866                      0.5334                           0.5866                       0.4065   0.009865  3.36

--- delta = 380 keV, annual halo ---
iso  m_med_GeV  E_minus_keV  E_plus_keV   A_600  E_peak_true  E_median_true_acc  pct248_true_acc  pct248_obs  frac_pm23_obs  ratio_100_200_over_200_270  P0_100_200_given_one_in_200_270  ratio_125_200_over_200_270  P0_125_200_given_one_in_200_270  N_600_1000phd_per_ROI_event  kappa_hat     Z
iso       0.05        217.3       527.5 0.05895          332              229.4           0.7582      0.7099         0.4921                     0.05276                           0.9486                     0.05276                           0.9486                        14.66      781.9 3.477
iso        0.1        217.3       527.5 0.05526          336              229.8           0.7509      0.7025         0.4938                     0.05153                           0.9498                     0.05153                           0.9498                        15.68      61.83 3.479
iso        0.2        217.3       527.5 0.04664          336              230.8           0.7319      0.6836         0.4973                     0.04865                           0.9525                     0.04865                           0.9525                        18.69      8.033 3.483
iso        0.3        217.3       527.5 0.04047          340              231.6           0.7165      0.6684         0.4993                     0.04658                           0.9545                     0.04658                           0.9545                        21.61      3.612 3.485
iso        0.5        217.3       527.5 0.03454          344              232.5              0.7      0.6522         0.5006                     0.04457                           0.9564                     0.04457                           0.9564                        25.36      2.018 3.487
iso          1        217.3       527.5 0.03084          344              233.1           0.6887      0.6413         0.5011                      0.0433                           0.9576                      0.0433                           0.9576                         28.4      1.482 3.487
iso        inf        217.3       527.5 0.02936          344              233.3            0.684      0.6366         0.5012                     0.04279                           0.9581                     0.04279                           0.9581                        29.82      1.321 3.488
  p       0.05        217.3       527.5  0.2459          360              235.2           0.7747      0.7089         0.6865                      0.0262                           0.9741                      0.0262                           0.9741                         2.58       1031  3.65
  p        0.1        217.3       527.5   0.232          360              235.4           0.7705      0.7048         0.6898                      0.0255                           0.9748                      0.0255                           0.9748                        2.779      81.45 3.652
  p        0.2        217.3       527.5  0.1979          360              236.1             0.76      0.6947         0.6976                     0.02385                           0.9764                     0.02385                           0.9764                        3.381      10.58 3.657
  p        0.3        217.3       527.5   0.172          360              236.6           0.7516      0.6868         0.7033                     0.02268                           0.9776                     0.02268                           0.9776                        3.988      4.759  3.66
  p        0.5        217.3       527.5   0.146          360                237            0.743      0.6787         0.7088                     0.02156                           0.9787                     0.02156                           0.9787                        4.798      2.665 3.664
  p          1        217.3       527.5  0.1292          360              237.4           0.7372      0.6733         0.7123                     0.02087                           0.9794                     0.02087                           0.9794                        5.479      1.962 3.666
  p        inf        217.3       527.5  0.1223          364              237.5           0.7348      0.6711         0.7137                     0.02059                           0.9796                     0.02059                           0.9796                        5.804      1.751 3.667

--- delta = 300 keV, June halo, isoscalar ---
iso  m_med_GeV  E_minus_keV  E_plus_keV  A_600  E_peak_true  E_median_true_acc  pct248_true_acc  pct248_obs  frac_pm23_obs  ratio_100_200_over_200_270  P0_100_200_given_one_in_200_270  ratio_125_200_over_200_270  P0_125_200_given_one_in_200_270  N_600_1000phd_per_ROI_event  kappa_hat     Z
iso       0.05        89.55       797.8 0.9188          156              160.5           0.9983      0.9961        0.02627                       7.375                        0.0006268                       6.838                         0.001072                      0.03685    0.01544 2.383
iso        0.1        89.55       797.8 0.9126          160              161.8           0.9981      0.9957        0.02864                       6.826                         0.001085                       6.366                         0.001719                      0.04326    0.00134 2.422
iso        0.2        89.55       797.8 0.8938          160              164.6           0.9975      0.9945         0.0345                       5.786                          0.00307                       5.452                         0.004286                      0.06327  0.0002135 2.505
iso        0.3        89.55       797.8 0.8748          164              166.5           0.9971      0.9936        0.03901                       5.193                         0.005554                       4.921                          0.00729                      0.08409  0.0001102 2.558
iso        0.5        89.55       797.8 0.8497          164              168.1           0.9965      0.9926        0.04364                       4.709                         0.009014                       4.482                          0.01131                       0.1125   7.01e-05 2.607
iso          1        89.55       797.8  0.829          168              169.2           0.9961       0.992        0.04669                        4.44                          0.01179                       4.237                          0.01446                       0.1367  5.576e-05 2.636
iso        inf        89.55       797.8 0.8192          168              169.6            0.996      0.9917        0.04795                       4.339                          0.01305                       4.144                          0.01586                       0.1483  5.132e-05 2.648

couplings (annual halo):
  halo  delta_keV  m_A_GeV  S_prop  sigma_p_q0_N1_cm2  eps_req_alphaD0p1  eps_req_alphaD_thermal  N_exo_if_f2_1  eps_floor_chi2_decay_alphaD0p1  eps_req_over_floor  tau_at_eps_req_s  mA_floor_GeV  mA_babar_ceiling_GeV
annual        300   0.0501 0.00295            2.9e-39           3.82e-08                6.46e-08       2.13e+03                        5.79e-06              0.0066          1.31e+21          2.56                   NaN
annual        300      0.1  0.0343            2.5e-40           4.46e-08                7.54e-08       1.67e+03                         5.7e-06             0.00782          9.59e+20          2.56                   NaN
annual        300      0.2   0.223           3.84e-41           6.96e-08                1.18e-07       1.18e+03                        5.56e-06              0.0125          3.93e+20          2.56                   NaN
annual        300    0.304   0.454           1.89e-41           1.14e-07                1.92e-07       1.01e+03                         5.5e-06              0.0206          1.48e+20          2.56                   NaN
annual        300    0.501   0.718           1.19e-41           2.45e-07                4.14e-07            914                        5.46e-06              0.0448          3.18e+19          2.56                   NaN
annual        300        1   0.915           9.36e-42           8.63e-07                1.46e-06            869                        5.44e-06               0.159          2.56e+18          2.56                   NaN
annual        300     3.04    0.99           8.65e-42           7.69e-06                 1.3e-05            854                        5.44e-06                1.41          3.23e+16          2.56                   NaN
annual        300       10   0.999           8.57e-42           8.26e-05                 0.00014            853                        5.44e-06                15.2          2.79e+14          2.56                   NaN
annual        330   0.0501 0.00256           1.88e-38           9.71e-08                1.64e-07            NaN                             NaN                 NaN          1.25e+20           NaN                  22.6
annual        330      0.1  0.0305           1.58e-39           1.12e-07                 1.9e-07            NaN                             NaN                 NaN          9.41e+19           NaN                  22.6
annual        330      0.2   0.207           2.32e-40           1.71e-07                2.89e-07            NaN                             NaN                 NaN          4.04e+19           NaN                  22.6
annual        330    0.304   0.434           1.11e-40           2.75e-07                4.65e-07            NaN                             NaN                 NaN          1.56e+19           NaN                  22.6
annual        330    0.501   0.704           6.83e-41           5.86e-07                9.91e-07            NaN                             NaN                 NaN          3.45e+18           NaN                  22.6
annual        330        1    0.91           5.29e-41           2.05e-06                3.47e-06            NaN                             NaN                 NaN          2.81e+17           NaN                  22.6
annual        330     3.04    0.99           4.86e-41           1.82e-05                3.08e-05            NaN                             NaN                 NaN          3.56e+15           NaN                  22.6
annual        330       10   0.999           4.81e-41           0.000196                0.000331            NaN                             NaN                 NaN          3.09e+13           NaN                  22.6
annual        350   0.0501 0.00222           1.32e-37           2.58e-07                4.35e-07       3.24e+04                        4.59e-06              0.0562          1.33e+19         0.933                  14.4
annual        350      0.1  0.0269           1.09e-38           2.94e-07                4.98e-07       2.84e+04                        4.56e-06              0.0646          1.02e+19         0.933                  14.4
annual        350      0.2   0.191           1.53e-39            4.4e-07                7.43e-07        2.3e+04                        4.51e-06              0.0975          4.56e+18         0.933                  14.4
annual        350    0.304   0.413           7.08e-40           6.95e-07                1.18e-06       2.06e+04                        4.48e-06               0.155          1.82e+18         0.933                  14.4
annual        350    0.501   0.688           4.25e-40           1.46e-06                2.47e-06       1.89e+04                        4.47e-06               0.327          4.13e+17         0.933                  14.4
annual        350        1   0.904           3.23e-40           5.08e-06                8.58e-06        1.8e+04                        4.46e-06                1.14          3.42e+16         0.933                  14.4
annual        350     3.04   0.989           2.96e-40            4.5e-05                 7.6e-05       1.78e+04                        4.45e-06                10.1          4.36e+14         0.933                  14.4
annual        350       10   0.999           2.93e-40           0.000483                0.000816       1.77e+04                        4.45e-06                 109          3.78e+12         0.933                  14.4
annual        380   0.0501 0.00171           3.03e-35            3.9e-06                 6.6e-06       4.76e+06                        4.54e-06               0.859          3.84e+16          0.11                  3.94
annual        380      0.1  0.0215           2.41e-36           4.39e-06                7.41e-06       4.26e+06                        4.53e-06               0.969          3.04e+16          0.11                  3.94
annual        380      0.2   0.165           3.15e-37           6.31e-06                1.07e-05       3.45e+06                         4.5e-06                 1.4          1.47e+16          0.11                  3.94
annual        380    0.304   0.376           1.38e-37           9.71e-06                1.64e-05       3.02e+06                        4.48e-06                2.17           6.2e+15          0.11                  3.94
annual        380    0.501   0.658           7.89e-38           1.99e-05                3.37e-05        2.7e+06                        4.46e-06                4.47          1.47e+15          0.11                  3.94
annual        380        1   0.892           5.81e-38           6.81e-05                0.000115       2.52e+06                        4.45e-06                15.3          1.26e+14          0.11                  3.94
annual        380     3.04   0.987           5.26e-38           0.000599                 0.00101       2.46e+06                        4.44e-06                 135          1.63e+12          0.11                  3.94
annual        380       10   0.999            5.2e-38            0.00643                  0.0109       2.45e+06                        4.44e-06            1.45e+03          1.41e+10          0.11                  3.94

couplings (June halo) floors:
           mA_floor_GeV  mA_babar_ceiling_GeV
delta_keV                                    
300.0              2.75                   NaN
330.0               NaN                    26
350.0              1.13                  17.6
380.0              0.27                  5.53
done, t=12s
===== P051 run 2026-09-16 15:22:21 stage=analysis =====
observables: 714 rows, t=1s

exact WimPyDD light-mediator spectra vs propagator factorisation:
iso  delta_keV  m_med_GeV   halo  S_fact_over_exact  Z_exact  Z_fact      dZ  pct_exact  pct_fact  ratio_exact  ratio_fact  A600_exact  A600_fact
iso      300.0       0.05 annual             1.0058   2.4201  2.4131 -0.0071     0.9957    0.9958       6.7780      6.8458      0.9166     0.9164
iso      300.0       0.05   june             1.0054   2.3903  2.3832 -0.0071     0.9960    0.9961       7.3026      7.3749      0.9189     0.9188
iso      300.0       0.05    sun             1.0059   2.4299  2.4228 -0.0071     0.9956    0.9957       6.6111      6.6777      0.9158     0.9156
  p      300.0       0.05 annual             1.0052   2.8508  2.8478 -0.0031     0.9836    0.9837       3.5437      3.5674      0.9288     0.9287
  p      300.0       0.05   june             1.0048   2.8306  2.8275 -0.0031     0.9845    0.9847       3.7728      3.7975      0.9296     0.9295
  p      300.0       0.05    sun             1.0053   2.8573  2.8542 -0.0031     0.9833    0.9834       3.4724      3.4959      0.9285     0.9284
iso      380.0       0.05 annual             1.0444   3.4823  3.4774 -0.0050     0.7085    0.7099       0.0518      0.0528      0.0582     0.0589
iso      380.0       0.05   june             1.0415   3.4842  3.4787 -0.0055     0.7621    0.7640       0.0619      0.0632      0.0778     0.0789
iso      380.0       0.05    sun             1.0626   3.3105  3.3113  0.0008     0.0820    0.0822       0.0001      0.0001      0.0151     0.0153
  p      380.0       0.05 annual             1.0409   3.6517  3.6499 -0.0018     0.7048    0.7089       0.0257      0.0262      0.2443     0.2459
  p      380.0       0.05   june             1.0379   3.6382  3.6359 -0.0023     0.7230    0.7273       0.0320      0.0328      0.2973     0.2993
  p      380.0       0.05    sun             1.0637   3.7649  3.7651  0.0002     0.4627    0.4637       0.0001      0.0001      0.0454     0.0458
iso      300.0       0.10 annual             1.0047   2.4563  2.4502 -0.0060     0.9953    0.9953       6.2985      6.3515      0.9103     0.9101
iso      300.0       0.10   june             1.0043   2.4280  2.4219 -0.0061     0.9956    0.9957       6.7699      6.8263      0.9128     0.9126
iso      300.0       0.10    sun             1.0048   2.4654  2.4594 -0.0060     0.9952    0.9952       6.1490      6.2011      0.9094     0.9092
  p      300.0       0.10 annual             1.0043   2.8779  2.8753 -0.0026     0.9821    0.9823       3.3060      3.3245      0.9246     0.9245
  p      300.0       0.10   june             1.0039   2.8587  2.8561 -0.0026     0.9831    0.9833       3.5134      3.5326      0.9255     0.9254
  p      300.0       0.10    sun             1.0044   2.8840  2.8814 -0.0026     0.9818    0.9820       3.2417      3.2600      0.9243     0.9242
iso      380.0       0.10 annual             1.0393   3.4835  3.4791 -0.0044     0.7015    0.7025       0.0507      0.0515      0.0547     0.0553
iso      380.0       0.10   june             1.0366   3.4860  3.4812 -0.0049     0.7562    0.7577       0.0606      0.0618      0.0730     0.0738
iso      380.0       0.10    sun             1.0564   3.3073  3.3079  0.0006     0.0802    0.0804       0.0001      0.0001      0.0146     0.0147
  p      380.0       0.10 annual             1.0361   3.6535  3.6520 -0.0015     0.7012    0.7048       0.0250      0.0255      0.2310     0.2320
  p      380.0       0.10   june             1.0334   3.6402  3.6383 -0.0019     0.7194    0.7232       0.0313      0.0319      0.2818     0.2833
  p      380.0       0.10    sun             1.0569   3.7647  3.7649  0.0002     0.4607    0.4615       0.0001      0.0001      0.0429     0.0431

Z(delta) peaks, annual halo:
  halo iso  m_med_GeV  delta_peak  Z_peak  d68_lo  d68_hi  edge_lo  edge_hi  Z_300  Z_330  Z_350  Z_380  dq0_peak_minus_300  dq0_peak_minus_330  dq0_peak_minus_350  LR_peak_over_300  shift_vs_contact_keV
annual iso       0.05       380.0   3.477   369.0   390.0    False     True  2.413  2.711  3.005  3.477               6.269               4.744               3.064            22.980                   0.0
annual iso       0.10       380.0   3.479   369.0   390.0    False     True  2.450  2.735  3.019  3.479               6.100               4.624               2.988            21.121                   0.0
annual iso       0.20       380.0   3.483   368.0   389.0    False    False  2.530  2.789  3.053  3.483               5.730               4.351               2.811            17.546                   0.0
annual iso       0.30       380.0   3.485   368.0   389.0    False    False  2.582  2.826  3.076  3.485               5.478               4.161               2.683            15.475                   0.0
annual iso       0.50       380.0   3.487   367.0   389.0    False    False  2.629  2.860  3.098  3.487               5.244               3.980               2.558            13.762                   0.0
annual iso       1.00       380.0   3.487   366.0   388.0    False    False  2.658  2.880  3.112  3.487               5.099               3.866               2.477            12.802                   0.0
annual iso        inf       380.0   3.488   366.0   388.0    False    False  2.669  2.888  3.117  3.488               5.042               3.821               2.445            12.438                   0.0
annual   p       0.05       390.0   3.750   377.0   390.0    False     True  2.848  3.056  3.271  3.650               5.956               4.726               3.366            19.651                   0.0
annual   p       0.10       390.0   3.750   377.0   390.0    False     True  2.875  3.075  3.283  3.652               5.798               4.610               3.291            18.160                   0.0
annual   p       0.20       390.0   3.750   376.0   390.0    False     True  2.935  3.117  3.309  3.657               5.450               4.349               3.117            15.257                   0.0
annual   p       0.30       390.0   3.750   376.0   390.0    False     True  2.975  3.146  3.327  3.660               5.214               4.167               2.993            13.558                   0.0
annual   p       0.50       390.0   3.750   375.0   390.0    False     True  3.011  3.173  3.345  3.664               4.994               3.996               2.875            12.149                   0.0
annual   p       1.00       390.0   3.750   375.0   390.0    False     True  3.033  3.189  3.356  3.666               4.860               3.891               2.800            11.359                   0.0
annual   p        inf       390.0   3.750   375.0   390.0    False     True  3.042  3.196  3.360  3.667               4.807               3.849               2.770            11.060                   0.0

Z(delta) peaks, June halo:
iso  m_med_GeV  delta_peak  Z_peak  d68_lo  d68_hi  Z_300  Z_350  Z_380
iso       0.05       380.0   3.479   371.0   390.0  2.383  2.933  3.479
iso       0.10       380.0   3.481   371.0   390.0  2.422  2.949  3.481
iso       0.20       380.0   3.487   370.0   390.0  2.505  2.986  3.487
iso       0.30       380.0   3.490   370.0   390.0  2.558  3.012  3.490
iso       0.50       380.0   3.494   369.0   390.0  2.607  3.037  3.494
iso       1.00       380.0   3.496   369.0   389.0  2.636  3.052  3.496
iso        inf       380.0   3.496   369.0   389.0  2.648  3.058  3.496
  p       0.05       390.0   3.746   378.0   390.0  2.827  3.214  3.636
  p       0.10       390.0   3.746   378.0   390.0  2.856  3.227  3.638
  p       0.20       390.0   3.747   378.0   390.0  2.918  3.257  3.644
  p       0.30       390.0   3.747   377.0   390.0  2.959  3.277  3.648
  p       0.50       390.0   3.747   377.0   390.0  2.996  3.297  3.652
  p       1.00       390.0   3.747   376.0   390.0  3.019  3.309  3.654
  p        inf       390.0   3.747   376.0   390.0  3.028  3.314  3.655

Z(delta) peaks, Sun-frame halo:
iso  m_med_GeV  delta_peak  Z_peak  d68_lo  d68_hi  Z_300  Z_350  Z_380
iso       0.05       370.0   3.466   360.0   379.0  2.423  3.113  3.311
iso       0.10       370.0   3.468   360.0   379.0  2.459  3.125  3.308
iso       0.20       370.0   3.472   359.0   379.0  2.538  3.151  3.299
iso       0.30       370.0   3.474   359.0   378.0  2.589  3.170  3.292
iso       0.50       370.0   3.476   358.0   378.0  2.636  3.187  3.285
iso       1.00       370.0   3.478   358.0   378.0  2.664  3.199  3.280
iso        inf       370.0   3.478   358.0   378.0  2.675  3.203  3.277
  p       0.05       380.0   3.765   370.0   385.0  2.854  3.346  3.765
  p       0.10       380.0   3.765   369.0   385.0  2.881  3.355  3.765
  p       0.20       380.0   3.764   369.0   385.0  2.941  3.376  3.764
  p       0.30       380.0   3.764   368.0   385.0  2.980  3.391  3.764
  p       0.50       380.0   3.763   368.0   385.0  3.016  3.405  3.763
  p       1.00       380.0   3.763   368.0   385.0  3.038  3.414  3.763
  p        inf       380.0   3.763   367.0   385.0  3.046  3.417  3.763

--- delta = 300 keV, annual halo ---
iso  m_med_GeV  E_minus_keV  E_plus_keV  A_600  E_peak_true  E_median_true_acc  pct248_true_acc  pct248_obs  frac_pm23_obs  ratio_100_200_over_200_270  P0_100_200_given_one_in_200_270  ratio_125_200_over_200_270  P0_125_200_given_one_in_200_270  N_600_1000phd_per_ROI_event  kappa_hat     Z
iso       0.05        89.55       797.8 0.9164          160              162.1           0.9982      0.9958        0.02823                       6.846                         0.001064                       6.418                         0.001632                      0.03947    0.02249 2.413
iso        0.1        89.55       797.8 0.9101          160              163.4           0.9979      0.9953        0.03069                       6.351                         0.001744                       5.984                         0.002519                      0.04619   0.001946  2.45
iso        0.2        89.55       797.8 0.8906          164              166.2           0.9973      0.9942        0.03676                       5.408                          0.00448                       5.141                         0.005853                      0.06714  0.0003083  2.53
iso        0.3        89.55       797.8 0.8711          164                168           0.9968      0.9932        0.04143                       4.867                         0.007699                       4.648                         0.009576                      0.08888  0.0001587 2.582
iso        0.5        89.55       797.8 0.8454          168              169.6           0.9963      0.9922        0.04622                       4.423                            0.012                        4.24                           0.0144                       0.1185  0.0001006 2.629
iso          1        89.55       797.8 0.8243          168              170.6           0.9959      0.9915        0.04937                       4.175                          0.01537                       4.012                          0.01811                       0.1436  7.989e-05 2.658
iso        inf        89.55       797.8 0.8144          168                171           0.9957      0.9911        0.05067                       4.082                          0.01687                       3.925                          0.01974                       0.1557  7.348e-05 2.669
  p       0.05        89.55       797.8 0.9287          168              171.8           0.9901      0.9837        0.06969                       3.567                          0.02823                       3.446                          0.03189                      0.02355    0.09884 2.848
  p        0.1        89.55       797.8 0.9245          168              173.2           0.9891      0.9823         0.0749                       3.324                          0.03599                        3.22                          0.03996                      0.02727   0.008418 2.875
  p        0.2        89.55       797.8 0.9114          172              176.3           0.9866      0.9786        0.08765                        2.85                          0.05786                       2.774                          0.06242                      0.03887   0.001289 2.935
  p        0.3        89.55       797.8 0.8976          176              178.3           0.9845      0.9756        0.09737                        2.57                          0.07651                       2.509                          0.08138                      0.05102  0.0006485 2.975
  p        0.5        89.55       797.8 0.8786          176              180.2           0.9823      0.9724         0.1072                       2.337                          0.09661                       2.286                           0.1017                      0.06779  0.0004027 3.011
  p          1        89.55       797.8 0.8622          176              181.4           0.9807      0.9702         0.1137                       2.206                           0.1102                        2.16                           0.1154                       0.0823  0.0003157 3.033
  p        inf        89.55       797.8 0.8543          180              181.9             0.98      0.9693         0.1164                       2.156                           0.1158                       2.112                            0.121                      0.08933  0.0002889 3.042

--- delta = 330 keV, annual halo ---
iso  m_med_GeV  E_minus_keV  E_plus_keV  A_600  E_peak_true  E_median_true_acc  pct248_true_acc  pct248_obs  frac_pm23_obs  ratio_100_200_over_200_270  P0_100_200_given_one_in_200_270  ratio_125_200_over_200_270  P0_125_200_given_one_in_200_270  N_600_1000phd_per_ROI_event  kappa_hat     Z
iso       0.05        121.3       712.6  0.856          176              178.1           0.9956      0.9904        0.05884                       3.175                          0.04181                       3.156                          0.04261                       0.1091      0.176 2.711
iso        0.1        121.3       712.6 0.8434          180                179           0.9952      0.9897        0.06239                       3.006                           0.0495                       2.989                          0.05033                       0.1244    0.01484 2.735
iso        0.2        121.3       712.6 0.8068          180                181           0.9941      0.9877        0.07107                       2.663                          0.06976                        2.65                          0.07064                       0.1717   0.002233 2.789
iso        0.3        121.3       712.6  0.772          180              182.4           0.9932      0.9861        0.07766                       2.453                          0.08607                       2.442                          0.08698                       0.2202   0.001113 2.826
iso        0.5        121.3       712.6 0.7291          180              183.7           0.9922      0.9844        0.08433                       2.272                           0.1031                       2.263                            0.104                       0.2854   0.000686  2.86
iso          1        121.3       712.6 0.6959          180              184.5           0.9915      0.9832        0.08869                       2.169                           0.1143                       2.161                           0.1152                       0.3404  0.0005359  2.88
iso        inf        121.3       712.6 0.6809          180              184.8           0.9911      0.9827        0.09048                       2.129                           0.1189                       2.121                           0.1199                       0.3666  0.0004898 2.888
  p       0.05        121.3       712.6  0.898          180              186.7           0.9807      0.9691         0.1247                       1.816                           0.1627                       1.809                           0.1638                      0.05345     0.6387 3.056
  p        0.1        121.3       712.6 0.8905          180              187.8           0.9793      0.9671         0.1312                       1.719                           0.1793                       1.713                           0.1804                      0.06059    0.05323 3.075
  p        0.2        121.3       712.6 0.8679          188              190.2           0.9756      0.9618         0.1471                       1.519                            0.219                       1.514                             0.22                      0.08271   0.007795 3.117
  p        0.3        121.3       712.6  0.845          188              191.8           0.9726      0.9577         0.1591                       1.395                           0.2479                       1.391                           0.2488                       0.1056   0.003812 3.146
  p        0.5        121.3       712.6 0.8145          196              193.4           0.9694      0.9533         0.1711                       1.287                           0.2761                       1.284                           0.2769                        0.137   0.002308 3.173
  p          1        121.3       712.6 0.7892          196              194.4           0.9672      0.9504         0.1789                       1.225                           0.2938                       1.222                           0.2946                        0.164   0.001783 3.189
  p        inf        121.3       712.6 0.7772          196              194.8           0.9662      0.9491         0.1821                       1.201                            0.301                       1.198                           0.3017                        0.177   0.001622 3.196

--- delta = 350 keV, annual halo ---
iso  m_med_GeV  E_minus_keV  E_plus_keV  A_600  E_peak_true  E_median_true_acc  pct248_true_acc  pct248_obs  frac_pm23_obs  ratio_100_200_over_200_270  P0_100_200_given_one_in_200_270  ratio_125_200_over_200_270  P0_125_200_given_one_in_200_270  N_600_1000phd_per_ROI_event  kappa_hat     Z
iso       0.05          150       648.3 0.6887          196              194.9           0.9876      0.9757         0.1295                       1.235                           0.2909                       1.235                           0.2909                       0.3669      1.557 3.005
iso        0.1          150       648.3  0.667          196              195.5           0.9868      0.9743         0.1343                       1.188                           0.3048                       1.188                           0.3049                        0.409     0.1283 3.019
iso        0.2          150       648.3 0.6082          196              196.9           0.9846      0.9709          0.146                       1.087                           0.3371                       1.087                           0.3371                       0.5371    0.01836 3.053
iso        0.3          150       648.3 0.5581          196              197.9           0.9827       0.968         0.1547                       1.022                             0.36                       1.022                             0.36                       0.6663   0.008859 3.076
iso        0.5          150       648.3 0.5022          196              198.9           0.9807       0.965         0.1635                      0.9629                           0.3818                      0.9628                           0.3818                       0.8384   0.005305 3.098
iso          1          150       648.3 0.4629          196              199.5           0.9792      0.9629         0.1692                       0.928                           0.3954                      0.9279                           0.3954                       0.9821   0.004072 3.112
iso        inf          150       648.3 0.4462          196              199.7           0.9786       0.962         0.1715                      0.9144                           0.4008                      0.9143                           0.4008                         1.05   0.003696 3.117
  p       0.05          150       648.3 0.8194          200              203.3           0.9588      0.9365         0.2338                      0.7436                           0.4754                      0.7436                           0.4754                       0.1415      4.494 3.271
  p        0.1          150       648.3 0.8062          204                204           0.9566      0.9336         0.2412                      0.7132                           0.4901                      0.7132                           0.4901                       0.1572     0.3668 3.283
  p        0.2          150       648.3 0.7674          208              205.7           0.9512      0.9264         0.2592                      0.6475                           0.5233                      0.6475                           0.5234                       0.2054    0.05135 3.309
  p        0.3          150       648.3 0.7304          208              206.9           0.9468      0.9207         0.2726                      0.6044                           0.5464                      0.6044                           0.5464                       0.2548    0.02437 3.327
  p        0.5          150       648.3 0.6842          208                208           0.9421      0.9148         0.2859                      0.5656                            0.568                      0.5656                            0.568                       0.3219    0.01436 3.345
  p          1          150       648.3 0.6482          208              208.8           0.9389      0.9108         0.2945                      0.5425                           0.5813                      0.5425                           0.5813                        0.379    0.01091 3.356
  p        inf          150       648.3 0.6318          208              209.1           0.9375      0.9092          0.298                      0.5335                           0.5866                      0.5334                           0.5866                       0.4065   0.009865  3.36

--- delta = 380 keV, annual halo ---
iso  m_med_GeV  E_minus_keV  E_plus_keV   A_600  E_peak_true  E_median_true_acc  pct248_true_acc  pct248_obs  frac_pm23_obs  ratio_100_200_over_200_270  P0_100_200_given_one_in_200_270  ratio_125_200_over_200_270  P0_125_200_given_one_in_200_270  N_600_1000phd_per_ROI_event  kappa_hat     Z
iso       0.05        217.3       527.5 0.05895          332              229.4           0.7582      0.7099         0.4921                     0.05276                           0.9486                     0.05276                           0.9486                        14.66      781.9 3.477
iso        0.1        217.3       527.5 0.05526          336              229.8           0.7509      0.7025         0.4938                     0.05153                           0.9498                     0.05153                           0.9498                        15.68      61.83 3.479
iso        0.2        217.3       527.5 0.04664          336              230.8           0.7319      0.6836         0.4973                     0.04865                           0.9525                     0.04865                           0.9525                        18.69      8.033 3.483
iso        0.3        217.3       527.5 0.04047          340              231.6           0.7165      0.6684         0.4993                     0.04658                           0.9545                     0.04658                           0.9545                        21.61      3.612 3.485
iso        0.5        217.3       527.5 0.03454          344              232.5              0.7      0.6522         0.5006                     0.04457                           0.9564                     0.04457                           0.9564                        25.36      2.018 3.487
iso          1        217.3       527.5 0.03084          344              233.1           0.6887      0.6413         0.5011                      0.0433                           0.9576                      0.0433                           0.9576                         28.4      1.482 3.487
iso        inf        217.3       527.5 0.02936          344              233.3            0.684      0.6366         0.5012                     0.04279                           0.9581                     0.04279                           0.9581                        29.82      1.321 3.488
  p       0.05        217.3       527.5  0.2459          360              235.2           0.7747      0.7089         0.6865                      0.0262                           0.9741                      0.0262                           0.9741                         2.58       1031  3.65
  p        0.1        217.3       527.5   0.232          360              235.4           0.7705      0.7048         0.6898                      0.0255                           0.9748                      0.0255                           0.9748                        2.779      81.45 3.652
  p        0.2        217.3       527.5  0.1979          360              236.1             0.76      0.6947         0.6976                     0.02385                           0.9764                     0.02385                           0.9764                        3.381      10.58 3.657
  p        0.3        217.3       527.5   0.172          360              236.6           0.7516      0.6868         0.7033                     0.02268                           0.9776                     0.02268                           0.9776                        3.988      4.759  3.66
  p        0.5        217.3       527.5   0.146          360                237            0.743      0.6787         0.7088                     0.02156                           0.9787                     0.02156                           0.9787                        4.798      2.665 3.664
  p          1        217.3       527.5  0.1292          360              237.4           0.7372      0.6733         0.7123                     0.02087                           0.9794                     0.02087                           0.9794                        5.479      1.962 3.666
  p        inf        217.3       527.5  0.1223          364              237.5           0.7348      0.6711         0.7137                     0.02059                           0.9796                     0.02059                           0.9796                        5.804      1.751 3.667

--- delta = 300 keV, June halo, isoscalar ---
iso  m_med_GeV  E_minus_keV  E_plus_keV  A_600  E_peak_true  E_median_true_acc  pct248_true_acc  pct248_obs  frac_pm23_obs  ratio_100_200_over_200_270  P0_100_200_given_one_in_200_270  ratio_125_200_over_200_270  P0_125_200_given_one_in_200_270  N_600_1000phd_per_ROI_event  kappa_hat     Z
iso       0.05        89.55       797.8 0.9188          156              160.5           0.9983      0.9961        0.02627                       7.375                        0.0006268                       6.838                         0.001072                      0.03685    0.01544 2.383
iso        0.1        89.55       797.8 0.9126          160              161.8           0.9981      0.9957        0.02864                       6.826                         0.001085                       6.366                         0.001719                      0.04326    0.00134 2.422
iso        0.2        89.55       797.8 0.8938          160              164.6           0.9975      0.9945         0.0345                       5.786                          0.00307                       5.452                         0.004286                      0.06327  0.0002135 2.505
iso        0.3        89.55       797.8 0.8748          164              166.5           0.9971      0.9936        0.03901                       5.193                         0.005554                       4.921                          0.00729                      0.08409  0.0001102 2.558
iso        0.5        89.55       797.8 0.8497          164              168.1           0.9965      0.9926        0.04364                       4.709                         0.009014                       4.482                          0.01131                       0.1125   7.01e-05 2.607
iso          1        89.55       797.8  0.829          168              169.2           0.9961       0.992        0.04669                        4.44                          0.01179                       4.237                          0.01446                       0.1367  5.576e-05 2.636
iso        inf        89.55       797.8 0.8192          168              169.6            0.996      0.9917        0.04795                       4.339                          0.01305                       4.144                          0.01586                       0.1483  5.132e-05 2.648

couplings (annual halo):
  halo  delta_keV  m_A_GeV  S_prop  sigma_p_q0_N1_cm2  eps_req_alphaD0p1  eps_req_alphaD_thermal  N_exo_if_f2_1  eps_floor_chi2_decay_alphaD0p1  eps_req_over_floor  tau_at_eps_req_s  mA_floor_GeV  mA_babar_ceiling_GeV
annual        300   0.0501 0.00295            2.9e-39           3.82e-08                6.46e-08       2.13e+03                        5.79e-06              0.0066          1.31e+21          2.56                   NaN
annual        300      0.1  0.0343            2.5e-40           4.46e-08                7.54e-08       1.67e+03                         5.7e-06             0.00782          9.59e+20          2.56                   NaN
annual        300      0.2   0.223           3.84e-41           6.96e-08                1.18e-07       1.18e+03                        5.56e-06              0.0125          3.93e+20          2.56                   NaN
annual        300    0.304   0.454           1.89e-41           1.14e-07                1.92e-07       1.01e+03                         5.5e-06              0.0206          1.48e+20          2.56                   NaN
annual        300    0.501   0.718           1.19e-41           2.45e-07                4.14e-07            914                        5.46e-06              0.0448          3.18e+19          2.56                   NaN
annual        300        1   0.915           9.36e-42           8.63e-07                1.46e-06            869                        5.44e-06               0.159          2.56e+18          2.56                   NaN
annual        300     3.04    0.99           8.65e-42           7.69e-06                 1.3e-05            854                        5.44e-06                1.41          3.23e+16          2.56                   NaN
annual        300       10   0.999           8.57e-42           8.26e-05                 0.00014            853                        5.44e-06                15.2          2.79e+14          2.56                   NaN
annual        330   0.0501 0.00256           1.88e-38           9.71e-08                1.64e-07            NaN                             NaN                 NaN          1.25e+20           NaN                  22.6
annual        330      0.1  0.0305           1.58e-39           1.12e-07                 1.9e-07            NaN                             NaN                 NaN          9.41e+19           NaN                  22.6
annual        330      0.2   0.207           2.32e-40           1.71e-07                2.89e-07            NaN                             NaN                 NaN          4.04e+19           NaN                  22.6
annual        330    0.304   0.434           1.11e-40           2.75e-07                4.65e-07            NaN                             NaN                 NaN          1.56e+19           NaN                  22.6
annual        330    0.501   0.704           6.83e-41           5.86e-07                9.91e-07            NaN                             NaN                 NaN          3.45e+18           NaN                  22.6
annual        330        1    0.91           5.29e-41           2.05e-06                3.47e-06            NaN                             NaN                 NaN          2.81e+17           NaN                  22.6
annual        330     3.04    0.99           4.86e-41           1.82e-05                3.08e-05            NaN                             NaN                 NaN          3.56e+15           NaN                  22.6
annual        330       10   0.999           4.81e-41           0.000196                0.000331            NaN                             NaN                 NaN          3.09e+13           NaN                  22.6
annual        350   0.0501 0.00222           1.32e-37           2.58e-07                4.35e-07       3.24e+04                        4.59e-06              0.0562          1.33e+19         0.933                  14.4
annual        350      0.1  0.0269           1.09e-38           2.94e-07                4.98e-07       2.84e+04                        4.56e-06              0.0646          1.02e+19         0.933                  14.4
annual        350      0.2   0.191           1.53e-39            4.4e-07                7.43e-07        2.3e+04                        4.51e-06              0.0975          4.56e+18         0.933                  14.4
annual        350    0.304   0.413           7.08e-40           6.95e-07                1.18e-06       2.06e+04                        4.48e-06               0.155          1.82e+18         0.933                  14.4
annual        350    0.501   0.688           4.25e-40           1.46e-06                2.47e-06       1.89e+04                        4.47e-06               0.327          4.13e+17         0.933                  14.4
annual        350        1   0.904           3.23e-40           5.08e-06                8.58e-06        1.8e+04                        4.46e-06                1.14          3.42e+16         0.933                  14.4
annual        350     3.04   0.989           2.96e-40            4.5e-05                 7.6e-05       1.78e+04                        4.45e-06                10.1          4.36e+14         0.933                  14.4
annual        350       10   0.999           2.93e-40           0.000483                0.000816       1.77e+04                        4.45e-06                 109          3.78e+12         0.933                  14.4
annual        380   0.0501 0.00171           3.03e-35            3.9e-06                 6.6e-06       4.76e+06                        4.54e-06               0.859          3.84e+16          0.11                  3.94
annual        380      0.1  0.0215           2.41e-36           4.39e-06                7.41e-06       4.26e+06                        4.53e-06               0.969          3.04e+16          0.11                  3.94
annual        380      0.2   0.165           3.15e-37           6.31e-06                1.07e-05       3.45e+06                         4.5e-06                 1.4          1.47e+16          0.11                  3.94
annual        380    0.304   0.376           1.38e-37           9.71e-06                1.64e-05       3.02e+06                        4.48e-06                2.17           6.2e+15          0.11                  3.94
annual        380    0.501   0.658           7.89e-38           1.99e-05                3.37e-05        2.7e+06                        4.46e-06                4.47          1.47e+15          0.11                  3.94
annual        380        1   0.892           5.81e-38           6.81e-05                0.000115       2.52e+06                        4.45e-06                15.3          1.26e+14          0.11                  3.94
annual        380     3.04   0.987           5.26e-38           0.000599                 0.00101       2.46e+06                        4.44e-06                 135          1.63e+12          0.11                  3.94
annual        380       10   0.999            5.2e-38            0.00643                  0.0109       2.45e+06                        4.44e-06            1.45e+03          1.41e+10          0.11                  3.94

couplings (June halo) floors:
           mA_floor_GeV  mA_babar_ceiling_GeV
delta_keV                                    
300.0              2.75                   NaN
330.0               NaN                    26
350.0              1.13                  17.6
380.0              0.27                  5.53
done, t=19s
